Timestamp	Log file	Activities #	Traces #	Events #	TS1 build time (ms)	TS1 states #	TS1 trans #	TS1 simpl	TS1 prec	TS1 gener	threshold	VWSC	TS2 + TS3 build time (ms)	TS3 states #	TS3 trans #	TS3 simpl	TS3 prec	TS3 gener	PN synth time (ms)	PN pos #	PN trans #	PN acrs #
2018-10-07 00:42:01	f:/se/projects/cpp/xi/ldopa/dev/root/0.1/tests/gtest/work_files/logs/bpic15-1132/bpic15-1132.sq3	140	1132	47173	52334.0	35284	35283	0.00199810109541287	1.0	0.023161201530937592	0.05	0.05	121789.0	37	404	0.3197278911564626	0.8688669767197252	0.9182622661366285
2018-10-07 00:44:48	f:/se/projects/cpp/xi/ldopa/dev/root/0.1/tests/gtest/work_files/logs/bpic15-1132/bpic15-1132.sq3	140	1132	47173	52334.0	35284	35283	0.00199810109541287	1.0	0.023161201530937592	0.05	0.1	116626.0	64	777	0.16765755053507728	0.5507593101358634	0.9277038129749087
2018-10-07 00:47:39	f:/se/projects/cpp/xi/ldopa/dev/root/0.1/tests/gtest/work_files/logs/bpic15-1132/bpic15-1132.sq3	140	1132	47173	52334.0	35284	35283	0.00199810109541287	1.0	0.023161201530937592	0.05	0.2	124451.0	109	1044	0.1222896790980052	0.4186489483048742	0.9201618150926453
2018-10-07 00:50:21	f:/se/projects/cpp/xi/ldopa/dev/root/0.1/tests/gtest/work_files/logs/bpic15-1132/bpic15-1132.sq3	140	1132	47173	52334.0	35284	35283	0.00199810109541287	1.0	0.023161201530937592	0.05	0.3	116525.0	126	1235	0.10360029390154299	0.3930011858828514	0.914552618609377
2018-10-07 00:53:07	f:/se/projects/cpp/xi/ldopa/dev/root/0.1/tests/gtest/work_files/logs/bpic15-1132/bpic15-1132.sq3	140	1132	47173	52334.0	35284	35283	0.00199810109541287	1.0	0.023161201530937592	0.05	0.4	117090.0	143	1195	0.10538116591928251	0.379685567954465	0.9102358440630963
2018-10-07 00:55:36	f:/se/projects/cpp/xi/ldopa/dev/root/0.1/tests/gtest/work_files/logs/bpic15-1132/bpic15-1132.sq3	140	1132	47173	52334.0	35284	35283	0.00199810109541287	1.0	0.023161201530937592	0.05	0.5	106178.0	180	1450	0.08650306748466258	0.365160937160601	0.9021878277670565
2018-10-07 00:58:44	f:/se/projects/cpp/xi/ldopa/dev/root/0.1/tests/gtest/work_files/logs/bpic15-1132/bpic15-1132.sq3	140	1132	47173	52334.0	35284	35283	0.00199810109541287	1.0	0.023161201530937592	0.05	0.6	136913.0	186	1475	0.08488862131246237	0.37683127351416007	0.8952951882365163
2018-10-07 01:01:26	f:/se/projects/cpp/xi/ldopa/dev/root/0.1/tests/gtest/work_files/logs/bpic15-1132/bpic15-1132.sq3	140	1132	47173	52334.0	35284	35283	0.00199810109541287	1.0	0.023161201530937592	0.05	0.7	120019.0	205	1599	0.07815964523281596	0.37348018387988663	0.8918582882100862
2018-10-07 01:03:49	f:/se/projects/cpp/xi/ldopa/dev/root/0.1/tests/gtest/work_files/logs/bpic15-1132/bpic15-1132.sq3	140	1132	47173	52334.0	35284	35283	0.00199810109541287	1.0	0.023161201530937592	0.05	0.8	103108.0	256	1917	0.06488725264611137	0.3408140821270281	0.8859566817094394
2018-10-07 01:06:10	f:/se/projects/cpp/xi/ldopa/dev/root/0.1/tests/gtest/work_files/logs/bpic15-1132/bpic15-1132.sq3	140	1132	47173	52334.0	35284	35283	0.00199810109541287	1.0	0.023161201530937592	0.05	0.9	104429.0	274	2008	0.061787905346187555	0.3467583397091682	0.8837024398765578
2018-10-07 01:08:30	f:/se/projects/cpp/xi/ldopa/dev/root/0.1/tests/gtest/work_files/logs/bpic15-1132/bpic15-1132.sq3	140	1132	47173	52334.0	35284	35283	0.00199810109541287	1.0	0.023161201530937592	0.05	0.95	102651.0	291	2030	0.06074967686342094	0.34131407363544897	0.8815635222611529
2018-10-07 01:10:52	f:/se/projects/cpp/xi/ldopa/dev/root/0.1/tests/gtest/work_files/logs/bpic15-1132/bpic15-1132.sq3	140	1132	47173	52334.0	35284	35283	0.00199810109541287	1.0	0.023161201530937592	0.05	1	102476.0	278	1952	0.06322869955156951	0.3475208141148618	0.8816265378489336
2018-10-07 01:13:44	f:/se/projects/cpp/xi/ldopa/dev/root/0.1/tests/gtest/work_files/logs/bpic15-1132/bpic15-1132.sq3	140	1132	47173	52334.0	35284	35283	0.00199810109541287	1.0	0.023161201530937592	0.1	0.05	114518.0	33	494	0.2675521821631879	0.5914334686582895	0.939993064468044
2018-10-07 01:16:26	f:/se/projects/cpp/xi/ldopa/dev/root/0.1/tests/gtest/work_files/logs/bpic15-1132/bpic15-1132.sq3	140	1132	47173	52334.0	35284	35283	0.00199810109541287	1.0	0.023161201530937592	0.1	0.1	111606.0	61	646	0.19943422913719944	0.4518533018793016	0.9386002322561863
2018-10-07 01:18:57	f:/se/projects/cpp/xi/ldopa/dev/root/0.1/tests/gtest/work_files/logs/bpic15-1132/bpic15-1132.sq3	140	1132	47173	52334.0	35284	35283	0.00199810109541287	1.0	0.023161201530937592	0.1	0.2	103123.0	83	892	0.14461538461538462	0.4027820585784391	0.9301011393079358
2018-10-07 01:21:25	f:/se/projects/cpp/xi/ldopa/dev/root/0.1/tests/gtest/work_files/logs/bpic15-1132/bpic15-1132.sq3	140	1132	47173	52334.0	35284	35283	0.00199810109541287	1.0	0.023161201530937592	0.1	0.3	103701.0	122	1096	0.11576354679802955	0.36557067593517784	0.9175904517929896
2018-10-07 01:23:50	f:/se/projects/cpp/xi/ldopa/dev/root/0.1/tests/gtest/work_files/logs/bpic15-1132/bpic15-1132.sq3	140	1132	47173	52334.0	35284	35283	0.00199810109541287	1.0	0.023161201530937592	0.1	0.4	101683.0	132	1274	0.10028449502133713	0.3455931984769524	0.9086019689018268
2018-10-07 01:26:15	f:/se/projects/cpp/xi/ldopa/dev/root/0.1/tests/gtest/work_files/logs/bpic15-1132/bpic15-1132.sq3	140	1132	47173	52334.0	35284	35283	0.00199810109541287	1.0	0.023161201530937592	0.1	0.5	101883.0	156	1426	0.08912768647281921	0.3600123933344858	0.9065014476804303
2018-10-07 01:28:38	f:/se/projects/cpp/xi/ldopa/dev/root/0.1/tests/gtest/work_files/logs/bpic15-1132/bpic15-1132.sq3	140	1132	47173	52334.0	35284	35283	0.00199810109541287	1.0	0.023161201530937592	0.1	0.6	103105.0	207	1536	0.08089500860585198	0.3468054238718995	0.8943406115917983
2018-10-07 01:31:01	f:/se/projects/cpp/xi/ldopa/dev/root/0.1/tests/gtest/work_files/logs/bpic15-1132/bpic15-1132.sq3	140	1132	47173	52334.0	35284	35283	0.00199810109541287	1.0	0.023161201530937592	0.1	0.7	104680.0	220	1727	0.0724191063174114	0.32388159438959074	0.8873458751462023
2018-10-07 01:33:27	f:/se/projects/cpp/xi/ldopa/dev/root/0.1/tests/gtest/work_files/logs/bpic15-1132/bpic15-1132.sq3	140	1132	47173	52334.0	35284	35283	0.00199810109541287	1.0	0.023161201530937592	0.1	0.8	106670.0	239	1806	0.06894865525672372	0.33194469632531465	0.8894982825302449
2018-10-07 01:35:45	f:/se/projects/cpp/xi/ldopa/dev/root/0.1/tests/gtest/work_files/logs/bpic15-1132/bpic15-1132.sq3	140	1132	47173	52334.0	35284	35283	0.00199810109541287	1.0	0.023161201530937592	0.1	0.9	98309.0	260	1826	0.06759348034515819	0.3477354681847351	0.8825227537403888
2018-10-07 01:38:05	f:/se/projects/cpp/xi/ldopa/dev/root/0.1/tests/gtest/work_files/logs/bpic15-1132/bpic15-1132.sq3	140	1132	47173	52334.0	35284	35283	0.00199810109541287	1.0	0.023161201530937592	0.1	0.95	101805.0	267	1868	0.06604215456674473	0.34606882006643197	0.8789948740090552
2018-10-07 01:40:26	f:/se/projects/cpp/xi/ldopa/dev/root/0.1/tests/gtest/work_files/logs/bpic15-1132/bpic15-1132.sq3	140	1132	47173	52334.0	35284	35283	0.00199810109541287	1.0	0.023161201530937592	0.1	1	101481.0	272	1842	0.06669820245979187	0.34478822008212084	0.8815946649924703
2018-10-07 01:43:09	f:/se/projects/cpp/xi/ldopa/dev/root/0.1/tests/gtest/work_files/logs/bpic15-1132/bpic15-1132.sq3	140	1132	47173	52334.0	35284	35283	0.00199810109541287	1.0	0.023161201530937592	0.2	0.05	103654.0	18	324	0.41228070175438597	0.6749429883627178	0.9522454016532438
2018-10-07 01:45:49	f:/se/projects/cpp/xi/ldopa/dev/root/0.1/tests/gtest/work_files/logs/bpic15-1132/bpic15-1132.sq3	140	1132	47173	52334.0	35284	35283	0.00199810109541287	1.0	0.023161201530937592	0.2	0.1	104773.0	42	536	0.24394463667820068	0.3930343734876828	0.9437990954919597
2018-10-07 01:48:17	f:/se/projects/cpp/xi/ldopa/dev/root/0.1/tests/gtest/work_files/logs/bpic15-1132/bpic15-1132.sq3	140	1132	47173	52334.0	35284	35283	0.00199810109541287	1.0	0.023161201530937592	0.2	0.2	102793.0	93	876	0.14551083591331268	0.35133574005927226	0.9309309657135123
2018-10-07 01:50:48	f:/se/projects/cpp/xi/ldopa/dev/root/0.1/tests/gtest/work_files/logs/bpic15-1132/bpic15-1132.sq3	140	1132	47173	52334.0	35284	35283	0.00199810109541287	1.0	0.023161201530937592	0.2	0.3	104303.0	105	994	0.12829845313921748	0.36756048727726875	0.9251989094734067
2018-10-07 01:53:18	f:/se/projects/cpp/xi/ldopa/dev/root/0.1/tests/gtest/work_files/logs/bpic15-1132/bpic15-1132.sq3	140	1132	47173	52334.0	35284	35283	0.00199810109541287	1.0	0.023161201530937592	0.2	0.4	104046.0	131	1104	0.11417004048582996	0.3609471137839197	0.9133805894881459
2018-10-07 01:55:44	f:/se/projects/cpp/xi/ldopa/dev/root/0.1/tests/gtest/work_files/logs/bpic15-1132/bpic15-1132.sq3	140	1132	47173	52334.0	35284	35283	0.00199810109541287	1.0	0.023161201530937592	0.2	0.5	102574.0	151	1352	0.09381237524950099	0.36121887015480314	0.9091331248235204
2018-10-07 01:58:09	f:/se/projects/cpp/xi/ldopa/dev/root/0.1/tests/gtest/work_files/logs/bpic15-1132/bpic15-1132.sq3	140	1132	47173	52334.0	35284	35283	0.00199810109541287	1.0	0.023161201530937592	0.2	0.6	102231.0	176	1389	0.0900958466453674	0.35601376976134896	0.8979112774236419
2018-10-07 02:00:31	f:/se/projects/cpp/xi/ldopa/dev/root/0.1/tests/gtest/work_files/logs/bpic15-1132/bpic15-1132.sq3	140	1132	47173	52334.0	35284	35283	0.00199810109541287	1.0	0.023161201530937592	0.2	0.7	99312.0	211	1482	0.08328411104548139	0.34038849128428894	0.888801972648868
2018-10-07 02:02:54	f:/se/projects/cpp/xi/ldopa/dev/root/0.1/tests/gtest/work_files/logs/bpic15-1132/bpic15-1132.sq3	140	1132	47173	52334.0	35284	35283	0.00199810109541287	1.0	0.023161201530937592	0.2	0.8	101140.0	225	1611	0.07679738562091504	0.3564478565770462	0.8886830331178873
2018-10-07 02:05:10	f:/se/projects/cpp/xi/ldopa/dev/root/0.1/tests/gtest/work_files/logs/bpic15-1132/bpic15-1132.sq3	140	1132	47173	52334.0	35284	35283	0.00199810109541287	1.0	0.023161201530937592	0.2	0.9	97854.0	251	1729	0.07121212121212121	0.35530424329891397	0.8846728175748033
2018-10-07 02:07:31	f:/se/projects/cpp/xi/ldopa/dev/root/0.1/tests/gtest/work_files/logs/bpic15-1132/bpic15-1132.sq3	140	1132	47173	52334.0	35284	35283	0.00199810109541287	1.0	0.023161201530937592	0.2	0.95	101946.0	252	1634	0.07476139978791092	0.3514407700575492	0.8807601661346546
2018-10-07 02:09:50	f:/se/projects/cpp/xi/ldopa/dev/root/0.1/tests/gtest/work_files/logs/bpic15-1132/bpic15-1132.sq3	140	1132	47173	52334.0	35284	35283	0.00199810109541287	1.0	0.023161201530937592	0.2	1	99108.0	261	1606	0.07552222817354044	0.35634916995109256	0.8818385885284716
2018-10-07 02:12:33	f:/se/projects/cpp/xi/ldopa/dev/root/0.1/tests/gtest/work_files/logs/bpic15-1132/bpic15-1132.sq3	140	1132	47173	52334.0	35284	35283	0.00199810109541287	1.0	0.023161201530937592	0.3	0.05	105787.0	21	387	0.34558823529411764	0.342339011078658	0.9597688680224813
2018-10-07 02:15:19	f:/se/projects/cpp/xi/ldopa/dev/root/0.1/tests/gtest/work_files/logs/bpic15-1132/bpic15-1132.sq3	140	1132	47173	52334.0	35284	35283	0.00199810109541287	1.0	0.023161201530937592	0.3	0.1	109717.0	35	475	0.27647058823529413	0.39112293922954366	0.9487465043916504
2018-10-07 02:17:54	f:/se/projects/cpp/xi/ldopa/dev/root/0.1/tests/gtest/work_files/logs/bpic15-1132/bpic15-1132.sq3	140	1132	47173	52334.0	35284	35283	0.00199810109541287	1.0	0.023161201530937592	0.3	0.2	104044.0	69	830	0.1568409343715239	0.3832591237737584	0.9359716269419386
2018-10-07 02:20:23	f:/se/projects/cpp/xi/ldopa/dev/root/0.1/tests/gtest/work_files/logs/bpic15-1132/bpic15-1132.sq3	140	1132	47173	52334.0	35284	35283	0.00199810109541287	1.0	0.023161201530937592	0.3	0.3	102981.0	111	898	0.13974231912784935	0.36405099748411335	0.92312765807295
2018-10-07 02:22:53	f:/se/projects/cpp/xi/ldopa/dev/root/0.1/tests/gtest/work_files/logs/bpic15-1132/bpic15-1132.sq3	140	1132	47173	52334.0	35284	35283	0.00199810109541287	1.0	0.023161201530937592	0.3	0.4	104097.0	135	1155	0.10930232558139535	0.3474995045533793	0.9087927927362519
2018-10-07 02:25:25	f:/se/projects/cpp/xi/ldopa/dev/root/0.1/tests/gtest/work_files/logs/bpic15-1132/bpic15-1132.sq3	140	1132	47173	52334.0	35284	35283	0.00199810109541287	1.0	0.023161201530937592	0.3	0.5	104533.0	146	1199	0.10483271375464684	0.34271101300050294	0.9005240392784746
2018-10-07 02:27:50	f:/se/projects/cpp/xi/ldopa/dev/root/0.1/tests/gtest/work_files/logs/bpic15-1132/bpic15-1132.sq3	140	1132	47173	52334.0	35284	35283	0.00199810109541287	1.0	0.023161201530937592	0.3	0.6	102496.0	170	1530	0.08294117647058824	0.33492578368592335	0.898646549599681
2018-10-07 02:30:16	f:/se/projects/cpp/xi/ldopa/dev/root/0.1/tests/gtest/work_files/logs/bpic15-1132/bpic15-1132.sq3	140	1132	47173	52334.0	35284	35283	0.00199810109541287	1.0	0.023161201530937592	0.3	0.7	103336.0	193	1530	0.08183401044689495	0.3491401461202357	0.8927778892208409
2018-10-07 02:32:40	f:/se/projects/cpp/xi/ldopa/dev/root/0.1/tests/gtest/work_files/logs/bpic15-1132/bpic15-1132.sq3	140	1132	47173	52334.0	35284	35283	0.00199810109541287	1.0	0.023161201530937592	0.3	0.8	101807.0	210	1553	0.07997731140102099	0.35103700032425844	0.8916468915903208
2018-10-07 02:35:03	f:/se/projects/cpp/xi/ldopa/dev/root/0.1/tests/gtest/work_files/logs/bpic15-1132/bpic15-1132.sq3	140	1132	47173	52334.0	35284	35283	0.00199810109541287	1.0	0.023161201530937592	0.3	0.9	100575.0	228	1686	0.07366771159874608	0.33682359064290524	0.8818816808564997
2018-10-07 02:37:25	f:/se/projects/cpp/xi/ldopa/dev/root/0.1/tests/gtest/work_files/logs/bpic15-1132/bpic15-1132.sq3	140	1132	47173	52334.0	35284	35283	0.00199810109541287	1.0	0.023161201530937592	0.3	0.95	100105.0	238	1635	0.07528029898558462	0.3428708434944128	0.881812028382122
2018-10-07 02:39:45	f:/se/projects/cpp/xi/ldopa/dev/root/0.1/tests/gtest/work_files/logs/bpic15-1132/bpic15-1132.sq3	140	1132	47173	52334.0	35284	35283	0.00199810109541287	1.0	0.023161201530937592	0.3	1	99948.0	242	1667	0.07386066003143006	0.34962479164792554	0.8818974956455592
2018-10-07 02:42:25	f:/se/projects/cpp/xi/ldopa/dev/root/0.1/tests/gtest/work_files/logs/bpic15-1132/bpic15-1132.sq3	140	1132	47173	52334.0	35284	35283	0.00199810109541287	1.0	0.023161201530937592	0.35	0.05	101859.0	20	353	0.3780160857908847	0.3693207787889082	0.9603945899313177
2018-10-07 02:45:03	f:/se/projects/cpp/xi/ldopa/dev/root/0.1/tests/gtest/work_files/logs/bpic15-1132/bpic15-1132.sq3	140	1132	47173	52334.0	35284	35283	0.00199810109541287	1.0	0.023161201530937592	0.35	0.1	101276.0	35	475	0.27647058823529413	0.39112293922954366	0.9492321362434293
2018-10-07 02:47:33	f:/se/projects/cpp/xi/ldopa/dev/root/0.1/tests/gtest/work_files/logs/bpic15-1132/bpic15-1132.sq3	140	1132	47173	52334.0	35284	35283	0.00199810109541287	1.0	0.023161201530937592	0.35	0.2	100327.0	70	821	0.15824915824915825	0.3829567316451155	0.9359687704126997
2018-10-07 02:50:23	f:/se/projects/cpp/xi/ldopa/dev/root/0.1/tests/gtest/work_files/logs/bpic15-1132/bpic15-1132.sq3	140	1132	47173	52334.0	35284	35283	0.00199810109541287	1.0	0.023161201530937592	0.35	0.3	120525.0	106	932	0.13583815028901733	0.36250579282871886	0.92106547786928
2018-10-07 02:52:50	f:/se/projects/cpp/xi/ldopa/dev/root/0.1/tests/gtest/work_files/logs/bpic15-1132/bpic15-1132.sq3	140	1132	47173	52334.0	35284	35283	0.00199810109541287	1.0	0.023161201530937592	0.35	0.4	101112.0	135	1155	0.10930232558139535	0.3474995045533793	0.9080574764249103
2018-10-07 02:55:16	f:/se/projects/cpp/xi/ldopa/dev/root/0.1/tests/gtest/work_files/logs/bpic15-1132/bpic15-1132.sq3	140	1132	47173	52334.0	35284	35283	0.00199810109541287	1.0	0.023161201530937592	0.35	0.5	101361.0	150	1107	0.11217183770883055	0.35258913629435545	0.9061422913861079
2018-10-07 02:57:43	f:/se/projects/cpp/xi/ldopa/dev/root/0.1/tests/gtest/work_files/logs/bpic15-1132/bpic15-1132.sq3	140	1132	47173	52334.0	35284	35283	0.00199810109541287	1.0	0.023161201530937592	0.35	0.6	103719.0	177	1424	0.08806995627732667	0.3464146795799292	0.8986910573421303
2018-10-07 03:00:09	f:/se/projects/cpp/xi/ldopa/dev/root/0.1/tests/gtest/work_files/logs/bpic15-1132/bpic15-1132.sq3	140	1132	47173	52334.0	35284	35283	0.00199810109541287	1.0	0.023161201530937592	0.35	0.7	102952.0	193	1530	0.08183401044689495	0.3491401461202357	0.8928566445657818
2018-10-07 03:02:32	f:/se/projects/cpp/xi/ldopa/dev/root/0.1/tests/gtest/work_files/logs/bpic15-1132/bpic15-1132.sq3	140	1132	47173	52334.0	35284	35283	0.00199810109541287	1.0	0.023161201530937592	0.35	0.8	99516.0	211	1553	0.07993197278911565	0.35407574828816046	0.8917270942172789
2018-10-07 03:04:54	f:/se/projects/cpp/xi/ldopa/dev/root/0.1/tests/gtest/work_files/logs/bpic15-1132/bpic15-1132.sq3	140	1132	47173	52334.0	35284	35283	0.00199810109541287	1.0	0.023161201530937592	0.35	0.9	101656.0	219	1611	0.07704918032786885	0.33741803065275106	0.8863610527711575
2018-10-07 03:07:16	f:/se/projects/cpp/xi/ldopa/dev/root/0.1/tests/gtest/work_files/logs/bpic15-1132/bpic15-1132.sq3	140	1132	47173	52334.0	35284	35283	0.00199810109541287	1.0	0.023161201530937592	0.35	0.95	99636.0	237	1647	0.07484076433121019	0.34079453381626484	0.8804817893261452
2018-10-07 03:09:38	f:/se/projects/cpp/xi/ldopa/dev/root/0.1/tests/gtest/work_files/logs/bpic15-1132/bpic15-1132.sq3	140	1132	47173	52334.0	35284	35283	0.00199810109541287	1.0	0.023161201530937592	0.35	1	101239.0	240	1670	0.07382198952879582	0.3463374069605839	0.8834365651399559
2018-10-07 03:12:17	f:/se/projects/cpp/xi/ldopa/dev/root/0.1/tests/gtest/work_files/logs/bpic15-1132/bpic15-1132.sq3	140	1132	47173	52334.0	35284	35283	0.00199810109541287	1.0	0.023161201530937592	0.4	0.05	103327.0	21	387	0.34558823529411764	0.342339011078658	0.9595633474082153
2018-10-07 03:15:04	f:/se/projects/cpp/xi/ldopa/dev/root/0.1/tests/gtest/work_files/logs/bpic15-1132/bpic15-1132.sq3	140	1132	47173	52334.0	35284	35283	0.00199810109541287	1.0	0.023161201530937592	0.4	0.1	105545.0	35	475	0.27647058823529413	0.39112293922954366	0.9498915792319371
2018-10-07 03:17:40	f:/se/projects/cpp/xi/ldopa/dev/root/0.1/tests/gtest/work_files/logs/bpic15-1132/bpic15-1132.sq3	140	1132	47173	52334.0	35284	35283	0.00199810109541287	1.0	0.023161201530937592	0.4	0.2	105861.0	71	792	0.1633835457705678	0.38723512722843295	0.935157970613
2018-10-07 12:50:40	f:/se/projects/cpp/xi/ldopa/dev/root/0.1/tests/gtest/work_files/logs/bpic15-1132/bpic15-1132.sq3	140	1132	47173	52334.0	35284	35283	0.00199810109541287	1.0	0.023161201530937592	0.4	0.3	34326203.0	104	930	0.13636363636363635	0.361397796662478	0.9231031413983493
2018-10-07 12:53:31	f:/se/projects/cpp/xi/ldopa/dev/root/0.1/tests/gtest/work_files/logs/bpic15-1132/bpic15-1132.sq3	140	1132	47173	52334.0	35284	35283	0.00199810109541287	1.0	0.023161201530937592	0.4	0.4	122005.0	136	1157	0.10904872389791183	0.3484457618543179	0.908118339662441
2018-10-07 12:56:32	f:/se/projects/cpp/xi/ldopa/dev/root/0.1/tests/gtest/work_files/logs/bpic15-1132/bpic15-1132.sq3	140	1132	47173	52334.0	35284	35283	0.00199810109541287	1.0	0.023161201530937592	0.4	0.5	125185.0	146	1198	0.10491071428571429	0.3435019448676431	0.8995941990503887
2018-10-07 12:59:11	f:/se/projects/cpp/xi/ldopa/dev/root/0.1/tests/gtest/work_files/logs/bpic15-1132/bpic15-1132.sq3	140	1132	47173	52334.0	35284	35283	0.00199810109541287	1.0	0.023161201530937592	0.4	0.6	113824.0	176	1533	0.08250438853130486	0.33316356391018853	0.901742129936109
2018-10-07 13:01:50	f:/se/projects/cpp/xi/ldopa/dev/root/0.1/tests/gtest/work_files/logs/bpic15-1132/bpic15-1132.sq3	140	1132	47173	52334.0	35284	35283	0.00199810109541287	1.0	0.023161201530937592	0.4	0.7	113818.0	193	1530	0.08183401044689495	0.3491401461202357	0.8932112529115159
2018-10-07 13:04:36	f:/se/projects/cpp/xi/ldopa/dev/root/0.1/tests/gtest/work_files/logs/bpic15-1132/bpic15-1132.sq3	140	1132	47173	52334.0	35284	35283	0.00199810109541287	1.0	0.023161201530937592	0.4	0.8	118685.0	224	1575	0.07837687604224569	0.35242270937530745	0.8868056723069293
2018-10-07 13:07:14	f:/se/projects/cpp/xi/ldopa/dev/root/0.1/tests/gtest/work_files/logs/bpic15-1132/bpic15-1132.sq3	140	1132	47173	52334.0	35284	35283	0.00199810109541287	1.0	0.023161201530937592	0.4	0.9	114489.0	220	1611	0.07700709994538503	0.33820716110306065	0.8853918103517681
2018-10-07 13:10:01	f:/se/projects/cpp/xi/ldopa/dev/root/0.1/tests/gtest/work_files/logs/bpic15-1132/bpic15-1132.sq3	140	1132	47173	52334.0	35284	35283	0.00199810109541287	1.0	0.023161201530937592	0.4	0.95	116896.0	225	1620	0.07642276422764227	0.33855402006150964	0.8844942833032013
2018-10-07 13:12:42	f:/se/projects/cpp/xi/ldopa/dev/root/0.1/tests/gtest/work_files/logs/bpic15-1132/bpic15-1132.sq3	140	1132	47173	52334.0	35284	35283	0.00199810109541287	1.0	0.023161201530937592	0.4	1	117188.0	241	1669	0.07382198952879582	0.34918486278460603	0.8833268529736836
2018-10-07 13:15:36	f:/se/projects/cpp/xi/ldopa/dev/root/0.1/tests/gtest/work_files/logs/bpic15-1132/bpic15-1132.sq3	140	1132	47173	52334.0	35284	35283	0.00199810109541287	1.0	0.023161201530937592	0.5	0.05	114821.0	21	387	0.34558823529411764	0.342339011078658	0.9589439201137878
2018-10-07 13:18:40	f:/se/projects/cpp/xi/ldopa/dev/root/0.1/tests/gtest/work_files/logs/bpic15-1132/bpic15-1132.sq3	140	1132	47173	52334.0	35284	35283	0.00199810109541287	1.0	0.023161201530937592	0.5	0.1	117426.0	35	475	0.27647058823529413	0.39112293922954366	0.9514744639561058
2018-10-07 13:21:37	f:/se/projects/cpp/xi/ldopa/dev/root/0.1/tests/gtest/work_files/logs/bpic15-1132/bpic15-1132.sq3	140	1132	47173	52334.0	35284	35283	0.00199810109541287	1.0	0.023161201530937592	0.5	0.2	121453.0	69	830	0.1568409343715239	0.3832591237737584	0.9363705570905632
2018-10-07 13:24:25	f:/se/projects/cpp/xi/ldopa/dev/root/0.1/tests/gtest/work_files/logs/bpic15-1132/bpic15-1132.sq3	140	1132	47173	52334.0	35284	35283	0.00199810109541287	1.0	0.023161201530937592	0.5	0.3	109917.0	111	944	0.13364928909952606	0.3631925017928644	0.9196247714470847
2018-10-07 13:27:20	f:/se/projects/cpp/xi/ldopa/dev/root/0.1/tests/gtest/work_files/logs/bpic15-1132/bpic15-1132.sq3	140	1132	47173	52334.0	35284	35283	0.00199810109541287	1.0	0.023161201530937592	0.5	0.4	127233.0	135	1155	0.10930232558139535	0.3474995045533793	0.909171275989091
2018-10-07 13:29:57	f:/se/projects/cpp/xi/ldopa/dev/root/0.1/tests/gtest/work_files/logs/bpic15-1132/bpic15-1132.sq3	140	1132	47173	52334.0	35284	35283	0.00199810109541287	1.0	0.023161201530937592	0.5	0.5	108965.0	147	1277	0.09901685393258428	0.3415296067990285	0.9066096231499154
2018-10-07 13:32:46	f:/se/projects/cpp/xi/ldopa/dev/root/0.1/tests/gtest/work_files/logs/bpic15-1132/bpic15-1132.sq3	140	1132	47173	52334.0	35284	35283	0.00199810109541287	1.0	0.023161201530937592	0.5	0.6	123007.0	171	1410	0.08918406072106262	0.34744139155810727	0.8994150356974584
2018-10-07 13:35:20	f:/se/projects/cpp/xi/ldopa/dev/root/0.1/tests/gtest/work_files/logs/bpic15-1132/bpic15-1132.sq3	140	1132	47173	52334.0	35284	35283	0.00199810109541287	1.0	0.023161201530937592	0.5	0.7	104519.0	193	1531	0.08178654292343387	0.3490783841674613	0.8930745767193766
2018-10-07 13:38:12	f:/se/projects/cpp/xi/ldopa/dev/root/0.1/tests/gtest/work_files/logs/bpic15-1132/bpic15-1132.sq3	140	1132	47173	52334.0	35284	35283	0.00199810109541287	1.0	0.023161201530937592	0.5	0.8	120329.0	204	1550	0.08038768529076397	0.3561829524438459	0.8899322276784898
2018-10-07 13:41:42	f:/se/projects/cpp/xi/ldopa/dev/root/0.1/tests/gtest/work_files/logs/bpic15-1132/bpic15-1132.sq3	140	1132	47173	52334.0	35284	35283	0.00199810109541287	1.0	0.023161201530937592	0.5	0.9	154490.0	219	1612	0.07700709994538503	0.3372027071436451	0.8860982357310417
2018-10-07 13:44:46	f:/se/projects/cpp/xi/ldopa/dev/root/0.1/tests/gtest/work_files/logs/bpic15-1132/bpic15-1132.sq3	140	1132	47173	52334.0	35284	35283	0.00199810109541287	1.0	0.023161201530937592	0.5	0.95	124483.0	245	1678	0.07332293291731669	0.3376603932908753	0.8793665536268692
2018-10-07 13:47:54	f:/se/projects/cpp/xi/ldopa/dev/root/0.1/tests/gtest/work_files/logs/bpic15-1132/bpic15-1132.sq3	140	1132	47173	52334.0	35284	35283	0.00199810109541287	1.0	0.023161201530937592	0.5	1	136341.0	249	1701	0.07230769230769231	0.3456528146784576	0.879122601186871
2018-10-07 13:51:52	f:/se/projects/cpp/xi/ldopa/dev/root/0.1/tests/gtest/work_files/logs/bpic15-1132/bpic15-1132.sq3	140	1132	47173	52334.0	35284	35283	0.00199810109541287	1.0	0.023161201530937592	0.6	0.05	158479.0	18	335	0.39943342776203966	0.36803427459482063	0.9614831474493013
2018-10-07 13:55:06	f:/se/projects/cpp/xi/ldopa/dev/root/0.1/tests/gtest/work_files/logs/bpic15-1132/bpic15-1132.sq3	140	1132	47173	52334.0	35284	35283	0.00199810109541287	1.0	0.023161201530937592	0.6	0.1	132572.0	38	589	0.22488038277511962	0.35801074737089117	0.9478881306908753
2018-10-07 13:58:01	f:/se/projects/cpp/xi/ldopa/dev/root/0.1/tests/gtest/work_files/logs/bpic15-1132/bpic15-1132.sq3	140	1132	47173	52334.0	35284	35283	0.00199810109541287	1.0	0.023161201530937592	0.6	0.2	118284.0	72	730	0.17581047381546136	0.40695784769530413	0.9336041512225801
2018-10-07 14:01:03	f:/se/projects/cpp/xi/ldopa/dev/root/0.1/tests/gtest/work_files/logs/bpic15-1132/bpic15-1132.sq3	140	1132	47173	52334.0	35284	35283	0.00199810109541287	1.0	0.023161201530937592	0.6	0.3	124643.0	100	830	0.15161290322580645	0.3809395257383199	0.9193230208881132
2018-10-07 14:03:52	f:/se/projects/cpp/xi/ldopa/dev/root/0.1/tests/gtest/work_files/logs/bpic15-1132/bpic15-1132.sq3	140	1132	47173	52334.0	35284	35283	0.00199810109541287	1.0	0.023161201530937592	0.6	0.4	118026.0	132	1137	0.1111111111111111	0.3515442663180661	0.9110510886309968
2018-10-07 14:06:44	f:/se/projects/cpp/xi/ldopa/dev/root/0.1/tests/gtest/work_files/logs/bpic15-1132/bpic15-1132.sq3	140	1132	47173	52334.0	35284	35283	0.00199810109541287	1.0	0.023161201530937592	0.6	0.5	120991.0	140	1104	0.11334405144694534	0.35198454521368544	0.8981090229154707
2018-10-07 14:09:31	f:/se/projects/cpp/xi/ldopa/dev/root/0.1/tests/gtest/work_files/logs/bpic15-1132/bpic15-1132.sq3	140	1132	47173	52334.0	35284	35283	0.00199810109541287	1.0	0.023161201530937592	0.6	0.6	115720.0	166	1318	0.09501347708894879	0.34737559576806676	0.8971727868001388
2018-10-07 14:13:07	f:/se/projects/cpp/xi/ldopa/dev/root/0.1/tests/gtest/work_files/logs/bpic15-1132/bpic15-1132.sq3	140	1132	47173	52334.0	35284	35283	0.00199810109541287	1.0	0.023161201530937592	0.6	0.7	154250.0	187	1335	0.09264126149802891	0.36262665322354004	0.8893459145210539
2018-10-07 14:16:41	f:/se/projects/cpp/xi/ldopa/dev/root/0.1/tests/gtest/work_files/logs/bpic15-1132/bpic15-1132.sq3	140	1132	47173	52334.0	35284	35283	0.00199810109541287	1.0	0.023161201530937592	0.6	0.8	150206.0	199	1431	0.08650306748466258	0.35839034805504033	0.8802829734133462
2018-10-07 14:20:14	f:/se/projects/cpp/xi/ldopa/dev/root/0.1/tests/gtest/work_files/logs/bpic15-1132/bpic15-1132.sq3	140	1132	47173	52334.0	35284	35283	0.00199810109541287	1.0	0.023161201530937592	0.6	0.9	161184.0	242	1775	0.06990580069410014	0.3347452536539057	0.8838268438627782
2018-10-07 14:23:26	f:/se/projects/cpp/xi/ldopa/dev/root/0.1/tests/gtest/work_files/logs/bpic15-1132/bpic15-1132.sq3	140	1132	47173	52334.0	35284	35283	0.00199810109541287	1.0	0.023161201530937592	0.6	0.95	144014.0	245	1554	0.07837687604224569	0.3497664670611417	0.885468035087571
2018-10-07 14:26:26	f:/se/projects/cpp/xi/ldopa/dev/root/0.1/tests/gtest/work_files/logs/bpic15-1132/bpic15-1132.sq3	140	1132	47173	52334.0	35284	35283	0.00199810109541287	1.0	0.023161201530937592	0.6	1	133153.0	263	1578	0.07658881042911461	0.3562086071012456	0.8818270467853472
2018-10-07 14:30:26	f:/se/projects/cpp/xi/ldopa/dev/root/0.1/tests/gtest/work_files/logs/bpic15-1132/bpic15-1132.sq3	140	1132	47173	52334.0	35284	35283	0.00199810109541287	1.0	0.023161201530937592	0.7	0.05	156663.0	18	335	0.39943342776203966	0.36803427459482063	0.9611162348877891
2018-10-07 14:33:59	f:/se/projects/cpp/xi/ldopa/dev/root/0.1/tests/gtest/work_files/logs/bpic15-1132/bpic15-1132.sq3	140	1132	47173	52334.0	35284	35283	0.00199810109541287	1.0	0.023161201530937592	0.7	0.1	147341.0	38	589	0.22488038277511962	0.35801074737089117	0.9470463402296556
2018-10-07 14:38:43	f:/se/projects/cpp/xi/ldopa/dev/root/0.1/tests/gtest/work_files/logs/bpic15-1132/bpic15-1132.sq3	140	1132	47173	52334.0	35284	35283	0.00199810109541287	1.0	0.023161201530937592	0.7	0.2	213638.0	71	729	0.17625	0.40726895665741447	0.9331354458237568
2018-10-07 14:42:07	f:/se/projects/cpp/xi/ldopa/dev/root/0.1/tests/gtest/work_files/logs/bpic15-1132/bpic15-1132.sq3	140	1132	47173	52334.0	35284	35283	0.00199810109541287	1.0	0.023161201530937592	0.7	0.3	140537.0	95	815	0.15494505494505495	0.3889946859872002	0.9231886392688866
2018-10-07 14:45:47	f:/se/projects/cpp/xi/ldopa/dev/root/0.1/tests/gtest/work_files/logs/bpic15-1132/bpic15-1132.sq3	140	1132	47173	52334.0	35284	35283	0.00199810109541287	1.0	0.023161201530937592	0.7	0.4	160491.0	125	1098	0.11529026982829109	0.3593094082221727	0.9095907489983374
2018-10-07 14:50:31	f:/se/projects/cpp/xi/ldopa/dev/root/0.1/tests/gtest/work_files/logs/bpic15-1132/bpic15-1132.sq3	140	1132	47173	52334.0	35284	35283	0.00199810109541287	1.0	0.023161201530937592	0.7	0.5	180859.0	135	1092	0.11491442542787286	0.3617125254204509	0.9005974547213418
2018-10-07 14:53:48	f:/se/projects/cpp/xi/ldopa/dev/root/0.1/tests/gtest/work_files/logs/bpic15-1132/bpic15-1132.sq3	140	1132	47173	52334.0	35284	35283	0.00199810109541287	1.0	0.023161201530937592	0.7	0.6	147056.0	166	1393	0.09044259140474663	0.3445625845088763	0.8984630640697823
2018-10-07 14:56:43	f:/se/projects/cpp/xi/ldopa/dev/root/0.1/tests/gtest/work_files/logs/bpic15-1132/bpic15-1132.sq3	140	1132	47173	52334.0	35284	35283	0.00199810109541287	1.0	0.023161201530937592	0.7	0.7	120045.0	186	1340	0.09239842726081259	0.35949796268719086	0.8887174013205204
2018-10-07 14:59:22	f:/se/projects/cpp/xi/ldopa/dev/root/0.1/tests/gtest/work_files/logs/bpic15-1132/bpic15-1132.sq3	140	1132	47173	52334.0	35284	35283	0.00199810109541287	1.0	0.023161201530937592	0.7	0.8	111808.0	201	1509	0.0824561403508772	0.358813374387607	0.8849745188603413
2018-10-07 15:01:50	f:/se/projects/cpp/xi/ldopa/dev/root/0.1/tests/gtest/work_files/logs/bpic15-1132/bpic15-1132.sq3	140	1132	47173	52334.0	35284	35283	0.00199810109541287	1.0	0.023161201530937592	0.7	0.9	104300.0	246	1659	0.07401574803149606	0.3448787862754629	0.8850563395477498
2018-10-07 15:04:26	f:/se/projects/cpp/xi/ldopa/dev/root/0.1/tests/gtest/work_files/logs/bpic15-1132/bpic15-1132.sq3	140	1132	47173	52334.0	35284	35283	0.00199810109541287	1.0	0.023161201530937592	0.7	0.95	113785.0	243	1551	0.07859531772575251	0.34670306999111106	0.8857904475257125
2018-10-07 15:07:03	f:/se/projects/cpp/xi/ldopa/dev/root/0.1/tests/gtest/work_files/logs/bpic15-1132/bpic15-1132.sq3	140	1132	47173	52334.0	35284	35283	0.00199810109541287	1.0	0.023161201530937592	0.7	1	111653.0	260	1599	0.07584722969338353	0.3449456007111066	0.8860764395495468
2018-10-07 15:10:12	f:/se/projects/cpp/xi/ldopa/dev/root/0.1/tests/gtest/work_files/logs/bpic15-1132/bpic15-1132.sq3	140	1132	47173	52334.0	35284	35283	0.00199810109541287	1.0	0.023161201530937592	0.8	0.05	123175.0	18	335	0.39943342776203966	0.36803427459482063	0.9631236183442492
2018-10-07 15:12:58	f:/se/projects/cpp/xi/ldopa/dev/root/0.1/tests/gtest/work_files/logs/bpic15-1132/bpic15-1132.sq3	140	1132	47173	52334.0	35284	35283	0.00199810109541287	1.0	0.023161201530937592	0.8	0.1	111271.0	38	589	0.22488038277511962	0.35801074737089117	0.9476581093983749
2018-10-07 15:15:51	f:/se/projects/cpp/xi/ldopa/dev/root/0.1/tests/gtest/work_files/logs/bpic15-1132/bpic15-1132.sq3	140	1132	47173	52334.0	35284	35283	0.00199810109541287	1.0	0.023161201530937592	0.8	0.2	119886.0	77	748	0.1709090909090909	0.4094026286697401	0.9316470868313121
2018-10-07 15:18:32	f:/se/projects/cpp/xi/ldopa/dev/root/0.1/tests/gtest/work_files/logs/bpic15-1132/bpic15-1132.sq3	140	1132	47173	52334.0	35284	35283	0.00199810109541287	1.0	0.023161201530937592	0.8	0.3	106583.0	95	815	0.15494505494505495	0.38899468619888466	0.9226530386775793
2018-10-07 15:21:24	f:/se/projects/cpp/xi/ldopa/dev/root/0.1/tests/gtest/work_files/logs/bpic15-1132/bpic15-1132.sq3	140	1132	47173	52334.0	35284	35283	0.00199810109541287	1.0	0.023161201530937592	0.8	0.4	125293.0	135	1158	0.10904872389791183	0.348798971003777	0.9110216324089503
2018-10-07 15:24:03	f:/se/projects/cpp/xi/ldopa/dev/root/0.1/tests/gtest/work_files/logs/bpic15-1132/bpic15-1132.sq3	140	1132	47173	52334.0	35284	35283	0.00199810109541287	1.0	0.023161201530937592	0.8	0.5	110394.0	136	1107	0.11343523732904263	0.36218427220939	0.9004131365706486
2018-10-07 15:26:48	f:/se/projects/cpp/xi/ldopa/dev/root/0.1/tests/gtest/work_files/logs/bpic15-1132/bpic15-1132.sq3	140	1132	47173	52334.0	35284	35283	0.00199810109541287	1.0	0.023161201530937592	0.8	0.6	117703.0	166	1313	0.09533468559837728	0.35091312550457054	0.8976323873114862
2018-10-07 15:29:33	f:/se/projects/cpp/xi/ldopa/dev/root/0.1/tests/gtest/work_files/logs/bpic15-1132/bpic15-1132.sq3	140	1132	47173	52334.0	35284	35283	0.00199810109541287	1.0	0.023161201530937592	0.8	0.7	114862.0	179	1341	0.09276315789473684	0.36080007351127347	0.8879554786357878
2018-10-07 15:32:16	f:/se/projects/cpp/xi/ldopa/dev/root/0.1/tests/gtest/work_files/logs/bpic15-1132/bpic15-1132.sq3	140	1132	47173	52334.0	35284	35283	0.00199810109541287	1.0	0.023161201530937592	0.8	0.8	115760.0	199	1409	0.08768656716417911	0.3684100355838585	0.8871292818321675
2018-10-07 15:34:48	f:/se/projects/cpp/xi/ldopa/dev/root/0.1/tests/gtest/work_files/logs/bpic15-1132/bpic15-1132.sq3	140	1132	47173	52334.0	35284	35283	0.00199810109541287	1.0	0.023161201530937592	0.8	0.9	106634.0	239	1699	0.07275541795665634	0.33740466591884455	0.8843560661876398
2018-10-07 15:37:20	f:/se/projects/cpp/xi/ldopa/dev/root/0.1/tests/gtest/work_files/logs/bpic15-1132/bpic15-1132.sq3	140	1132	47173	52334.0	35284	35283	0.00199810109541287	1.0	0.023161201530937592	0.8	0.95	109252.0	242	1550	0.07868303571428571	0.3465959795315349	0.8853346702030642
2018-10-07 15:39:53	f:/se/projects/cpp/xi/ldopa/dev/root/0.1/tests/gtest/work_files/logs/bpic15-1132/bpic15-1132.sq3	140	1132	47173	52334.0	35284	35283	0.00199810109541287	1.0	0.023161201530937592	0.8	1	109970.0	257	1622	0.07503991484832358	0.3596962667652172	0.8795928012125366
2018-10-07 15:42:48	f:/se/projects/cpp/xi/ldopa/dev/root/0.1/tests/gtest/work_files/logs/bpic15-1132/bpic15-1132.sq3	140	1132	47173	52334.0	35284	35283	0.00199810109541287	1.0	0.023161201530937592	0.9	0.05	112274.0	18	335	0.39943342776203966	0.36803427459482063	0.9621164483212651
2018-10-07 15:45:45	f:/se/projects/cpp/xi/ldopa/dev/root/0.1/tests/gtest/work_files/logs/bpic15-1132/bpic15-1132.sq3	140	1132	47173	52334.0	35284	35283	0.00199810109541287	1.0	0.023161201530937592	0.9	0.1	116517.0	38	589	0.22488038277511962	0.35801074737089117	0.9468381388494049
2018-10-07 15:48:34	f:/se/projects/cpp/xi/ldopa/dev/root/0.1/tests/gtest/work_files/logs/bpic15-1132/bpic15-1132.sq3	140	1132	47173	52334.0	35284	35283	0.00199810109541287	1.0	0.023161201530937592	0.9	0.2	117195.0	74	789	0.1633835457705678	0.411827344219052	0.9315518692749636
2018-10-07 15:51:25	f:/se/projects/cpp/xi/ldopa/dev/root/0.1/tests/gtest/work_files/logs/bpic15-1132/bpic15-1132.sq3	140	1132	47173	52334.0	35284	35283	0.00199810109541287	1.0	0.023161201530937592	0.9	0.3	115747.0	94	815	0.1551155115511551	0.38604074336275285	0.9234801729386682
2018-10-07 15:54:08	f:/se/projects/cpp/xi/ldopa/dev/root/0.1/tests/gtest/work_files/logs/bpic15-1132/bpic15-1132.sq3	140	1132	47173	52334.0	35284	35283	0.00199810109541287	1.0	0.023161201530937592	0.9	0.4	113358.0	134	1120	0.11244019138755981	0.3539885625287595	0.9096994529586283
2018-10-07 15:56:50	f:/se/projects/cpp/xi/ldopa/dev/root/0.1/tests/gtest/work_files/logs/bpic15-1132/bpic15-1132.sq3	140	1132	47173	52334.0	35284	35283	0.00199810109541287	1.0	0.023161201530937592	0.9	0.5	112318.0	140	1194	0.10569715142428786	0.34801639940165374	0.899390890377469
2018-10-07 15:59:47	f:/se/projects/cpp/xi/ldopa/dev/root/0.1/tests/gtest/work_files/logs/bpic15-1132/bpic15-1132.sq3	140	1132	47173	52334.0	35284	35283	0.00199810109541287	1.0	0.023161201530937592	0.9	0.6	120499.0	151	1300	0.09717436250861475	0.3531727784719969	0.8964759835655447
2018-10-07 16:02:47	f:/se/projects/cpp/xi/ldopa/dev/root/0.1/tests/gtest/work_files/logs/bpic15-1132/bpic15-1132.sq3	140	1132	47173	52334.0	35284	35283	0.00199810109541287	1.0	0.023161201530937592	0.9	0.7	131474.0	188	1334	0.09264126149802891	0.3645106838414349	0.887722970926999
2018-10-07 16:05:32	f:/se/projects/cpp/xi/ldopa/dev/root/0.1/tests/gtest/work_files/logs/bpic15-1132/bpic15-1132.sq3	140	1132	47173	52334.0	35284	35283	0.00199810109541287	1.0	0.023161201530937592	0.9	0.8	117109.0	194	1410	0.08790523690773068	0.36209359509514055	0.8826551820030918
2018-10-07 16:08:14	f:/se/projects/cpp/xi/ldopa/dev/root/0.1/tests/gtest/work_files/logs/bpic15-1132/bpic15-1132.sq3	140	1132	47173	52334.0	35284	35283	0.00199810109541287	1.0	0.023161201530937592	0.9	0.9	118581.0	251	1577	0.07713347921225383	0.3454195972121056	0.8846898117774847
2018-10-07 16:10:53	f:/se/projects/cpp/xi/ldopa/dev/root/0.1/tests/gtest/work_files/logs/bpic15-1132/bpic15-1132.sq3	140	1132	47173	52334.0	35284	35283	0.00199810109541287	1.0	0.023161201530937592	0.9	0.95	118190.0	242	1615	0.07592891760904685	0.3514680625624474	0.8808564531668118
2018-10-07 16:13:22	f:/se/projects/cpp/xi/ldopa/dev/root/0.1/tests/gtest/work_files/logs/bpic15-1132/bpic15-1132.sq3	140	1132	47173	52334.0	35284	35283	0.00199810109541287	1.0	0.023161201530937592	0.9	1	109049.0	255	1604	0.07584722969338353	0.3475468131528968	0.8866694620176786
2018-10-07 16:16:14	f:/se/projects/cpp/xi/ldopa/dev/root/0.1/tests/gtest/work_files/logs/bpic15-1132/bpic15-1132.sq3	140	1132	47173	52334.0	35284	35283	0.00199810109541287	1.0	0.023161201530937592	0.95	0.05	110859.0	19	367	0.36528497409326427	0.35027079128955635	0.9624634498607744
2018-10-07 16:19:05	f:/se/projects/cpp/xi/ldopa/dev/root/0.1/tests/gtest/work_files/logs/bpic15-1132/bpic15-1132.sq3	140	1132	47173	52334.0	35284	35283	0.00199810109541287	1.0	0.023161201530937592	0.95	0.1	113982.0	38	589	0.22488038277511962	0.35801074737089117	0.9477266528367316
2018-10-07 16:21:51	f:/se/projects/cpp/xi/ldopa/dev/root/0.1/tests/gtest/work_files/logs/bpic15-1132/bpic15-1132.sq3	140	1132	47173	52334.0	35284	35283	0.00199810109541287	1.0	0.023161201530937592	0.95	0.2	114515.0	77	748	0.1709090909090909	0.4094026286697401	0.9327168692169195
2018-10-07 16:24:42	f:/se/projects/cpp/xi/ldopa/dev/root/0.1/tests/gtest/work_files/logs/bpic15-1132/bpic15-1132.sq3	140	1132	47173	52334.0	35284	35283	0.00199810109541287	1.0	0.023161201530937592	0.95	0.3	120421.0	107	920	0.13729308666017526	0.3693575001428614	0.9235508653380099
2018-10-07 16:27:21	f:/se/projects/cpp/xi/ldopa/dev/root/0.1/tests/gtest/work_files/logs/bpic15-1132/bpic15-1132.sq3	140	1132	47173	52334.0	35284	35283	0.00199810109541287	1.0	0.023161201530937592	0.95	0.4	112388.0	137	1222	0.10375275938189846	0.3506440439345777	0.9093450035757336
2018-10-07 16:30:07	f:/se/projects/cpp/xi/ldopa/dev/root/0.1/tests/gtest/work_files/logs/bpic15-1132/bpic15-1132.sq3	140	1132	47173	52334.0	35284	35283	0.00199810109541287	1.0	0.023161201530937592	0.95	0.5	118329.0	147	1187	0.10569715142428786	0.34710059679234007	0.9032936349804445
2018-10-07 16:32:56	f:/se/projects/cpp/xi/ldopa/dev/root/0.1/tests/gtest/work_files/logs/bpic15-1132/bpic15-1132.sq3	140	1132	47173	52334.0	35284	35283	0.00199810109541287	1.0	0.023161201530937592	0.95	0.6	116138.0	165	1320	0.09494949494949495	0.3478839839036236	0.897478913613458
2018-10-07 16:35:45	f:/se/projects/cpp/xi/ldopa/dev/root/0.1/tests/gtest/work_files/logs/bpic15-1132/bpic15-1132.sq3	140	1132	47173	52334.0	35284	35283	0.00199810109541287	1.0	0.023161201530937592	0.95	0.7	113987.0	185	1330	0.09306930693069307	0.3613771353731688	0.8897648142318058
2018-10-07 16:38:31	f:/se/projects/cpp/xi/ldopa/dev/root/0.1/tests/gtest/work_files/logs/bpic15-1132/bpic15-1132.sq3	140	1132	47173	52334.0	35284	35283	0.00199810109541287	1.0	0.023161201530937592	0.95	0.8	116748.0	199	1428	0.08666256914566688	0.3639136729134766	0.8808201850532479
2018-10-07 16:41:08	f:/se/projects/cpp/xi/ldopa/dev/root/0.1/tests/gtest/work_files/logs/bpic15-1132/bpic15-1132.sq3	140	1132	47173	52334.0	35284	35283	0.00199810109541287	1.0	0.023161201530937592	0.95	0.9	114442.0	249	1568	0.07760044028618603	0.3472388395363487	0.8861896995046256
2018-10-07 16:43:47	f:/se/projects/cpp/xi/ldopa/dev/root/0.1/tests/gtest/work_files/logs/bpic15-1132/bpic15-1132.sq3	140	1132	47173	52334.0	35284	35283	0.00199810109541287	1.0	0.023161201530937592	0.95	0.95	115275.0	254	1599	0.07609282245008095	0.34790235855294666	0.8812432581861319
2018-10-07 16:46:31	f:/se/projects/cpp/xi/ldopa/dev/root/0.1/tests/gtest/work_files/logs/bpic15-1132/bpic15-1132.sq3	140	1132	47173	52334.0	35284	35283	0.00199810109541287	1.0	0.023161201530937592	0.95	1	114789.0	262	1567	0.07709130672498633	0.3573279326130414	0.880107629461041
