Timestamp	Log file	Activities #	Traces #	Events #	TS1 build time (ms)	TS1 states #	TS1 trans #	TS1 simpl	TS1 prec	TS1 gener	threshold	VWSC	TS2 + TS3 build time (ms)	TS3 states #	TS3 trans #	TS3 simpl	TS3 prec	TS3 gener	PN synth time (ms)	PN pos #	PN trans #	PN acrs #
2018-10-07 17:43:05	f:/temp/20181004/carmona-trs/Tkde2010PaperLogs/a12f0n00_5.tr.sq3	12	1800	11146	3454.0	25	24	0.2653061224489796	1.0	0.9491267239358233	0.05	0.05	299.0	25	24	0.2653061224489796	1.0	0.9491267239358233
2018-10-07 17:43:06	f:/temp/20181004/carmona-trs/Tkde2010PaperLogs/a12f0n00_5.tr.sq3	12	1800	11146	3454.0	25	24	0.2653061224489796	1.0	0.9491267239358233	0.05	0.1	291.0	25	24	0.2653061224489796	1.0	0.9491267239358233
2018-10-07 17:43:06	f:/temp/20181004/carmona-trs/Tkde2010PaperLogs/a12f0n00_5.tr.sq3	12	1800	11146	3454.0	25	24	0.2653061224489796	1.0	0.9491267239358233	0.05	0.2	280.0	25	24	0.2653061224489796	1.0	0.9491267239358233
2018-10-07 17:43:06	f:/temp/20181004/carmona-trs/Tkde2010PaperLogs/a12f0n00_5.tr.sq3	12	1800	11146	3454.0	25	24	0.2653061224489796	1.0	0.9491267239358233	0.05	0.3	290.0	25	24	0.2653061224489796	1.0	0.9491267239358233
2018-10-07 17:43:07	f:/temp/20181004/carmona-trs/Tkde2010PaperLogs/a12f0n00_5.tr.sq3	12	1800	11146	3454.0	25	24	0.2653061224489796	1.0	0.9491267239358233	0.05	0.4	304.0	25	24	0.2653061224489796	1.0	0.9491267239358233
2018-10-07 17:43:07	f:/temp/20181004/carmona-trs/Tkde2010PaperLogs/a12f0n00_5.tr.sq3	12	1800	11146	3454.0	25	24	0.2653061224489796	1.0	0.9491267239358233	0.05	0.5	303.0	25	24	0.2653061224489796	1.0	0.9491267239358233
2018-10-07 17:43:07	f:/temp/20181004/carmona-trs/Tkde2010PaperLogs/a12f0n00_5.tr.sq3	12	1800	11146	3454.0	25	24	0.2653061224489796	1.0	0.9491267239358233	0.05	0.6	288.0	25	24	0.2653061224489796	1.0	0.9491267239358233
2018-10-07 17:43:08	f:/temp/20181004/carmona-trs/Tkde2010PaperLogs/a12f0n00_5.tr.sq3	12	1800	11146	3454.0	25	24	0.2653061224489796	1.0	0.9491267239358233	0.05	0.7	321.0	25	24	0.2653061224489796	1.0	0.9491267239358233
2018-10-07 17:43:08	f:/temp/20181004/carmona-trs/Tkde2010PaperLogs/a12f0n00_5.tr.sq3	12	1800	11146	3454.0	25	24	0.2653061224489796	1.0	0.9491267239358233	0.05	0.8	294.0	25	24	0.2653061224489796	1.0	0.9491267239358233
2018-10-07 17:43:08	f:/temp/20181004/carmona-trs/Tkde2010PaperLogs/a12f0n00_5.tr.sq3	12	1800	11146	3454.0	25	24	0.2653061224489796	1.0	0.9491267239358233	0.05	0.9	297.0	25	24	0.2653061224489796	1.0	0.9491267239358233
2018-10-07 17:43:08	f:/temp/20181004/carmona-trs/Tkde2010PaperLogs/a12f0n00_5.tr.sq3	12	1800	11146	3454.0	25	24	0.2653061224489796	1.0	0.9491267239358233	0.05	0.95	294.0	25	24	0.2653061224489796	1.0	0.9491267239358233
2018-10-07 17:43:09	f:/temp/20181004/carmona-trs/Tkde2010PaperLogs/a12f0n00_5.tr.sq3	12	1800	11146	3454.0	25	24	0.2653061224489796	1.0	0.9491267239358233	0.05	1	309.0	25	24	0.2653061224489796	1.0	0.9491267239358233
2018-10-07 17:43:09	f:/temp/20181004/carmona-trs/Tkde2010PaperLogs/a12f0n00_5.tr.sq3	12	1800	11146	3454.0	25	24	0.2653061224489796	1.0	0.9491267239358233	0.1	0.05	295.0	25	24	0.2653061224489796	1.0	0.9491267239358233
2018-10-07 17:43:09	f:/temp/20181004/carmona-trs/Tkde2010PaperLogs/a12f0n00_5.tr.sq3	12	1800	11146	3454.0	25	24	0.2653061224489796	1.0	0.9491267239358233	0.1	0.1	295.0	25	24	0.2653061224489796	1.0	0.9491267239358233
2018-10-07 17:43:10	f:/temp/20181004/carmona-trs/Tkde2010PaperLogs/a12f0n00_5.tr.sq3	12	1800	11146	3454.0	25	24	0.2653061224489796	1.0	0.9491267239358233	0.1	0.2	304.0	25	24	0.2653061224489796	1.0	0.9491267239358233
2018-10-07 17:43:10	f:/temp/20181004/carmona-trs/Tkde2010PaperLogs/a12f0n00_5.tr.sq3	12	1800	11146	3454.0	25	24	0.2653061224489796	1.0	0.9491267239358233	0.1	0.3	292.0	25	24	0.2653061224489796	1.0	0.9491267239358233
2018-10-07 17:43:10	f:/temp/20181004/carmona-trs/Tkde2010PaperLogs/a12f0n00_5.tr.sq3	12	1800	11146	3454.0	25	24	0.2653061224489796	1.0	0.9491267239358233	0.1	0.4	288.0	25	24	0.2653061224489796	1.0	0.9491267239358233
2018-10-07 17:43:11	f:/temp/20181004/carmona-trs/Tkde2010PaperLogs/a12f0n00_5.tr.sq3	12	1800	11146	3454.0	25	24	0.2653061224489796	1.0	0.9491267239358233	0.1	0.5	305.0	25	24	0.2653061224489796	1.0	0.9491267239358233
2018-10-07 17:43:11	f:/temp/20181004/carmona-trs/Tkde2010PaperLogs/a12f0n00_5.tr.sq3	12	1800	11146	3454.0	25	24	0.2653061224489796	1.0	0.9491267239358233	0.1	0.6	274.0	25	24	0.2653061224489796	1.0	0.9491267239358233
2018-10-07 17:43:11	f:/temp/20181004/carmona-trs/Tkde2010PaperLogs/a12f0n00_5.tr.sq3	12	1800	11146	3454.0	25	24	0.2653061224489796	1.0	0.9491267239358233	0.1	0.7	303.0	25	24	0.2653061224489796	1.0	0.9491267239358233
2018-10-07 17:43:12	f:/temp/20181004/carmona-trs/Tkde2010PaperLogs/a12f0n00_5.tr.sq3	12	1800	11146	3454.0	25	24	0.2653061224489796	1.0	0.9491267239358233	0.1	0.8	319.0	25	24	0.2653061224489796	1.0	0.9491267239358233
2018-10-07 17:43:12	f:/temp/20181004/carmona-trs/Tkde2010PaperLogs/a12f0n00_5.tr.sq3	12	1800	11146	3454.0	25	24	0.2653061224489796	1.0	0.9491267239358233	0.1	0.9	273.0	25	24	0.2653061224489796	1.0	0.9491267239358233
2018-10-07 17:43:12	f:/temp/20181004/carmona-trs/Tkde2010PaperLogs/a12f0n00_5.tr.sq3	12	1800	11146	3454.0	25	24	0.2653061224489796	1.0	0.9491267239358233	0.1	0.95	249.0	25	24	0.2653061224489796	1.0	0.9491267239358233
2018-10-07 17:43:12	f:/temp/20181004/carmona-trs/Tkde2010PaperLogs/a12f0n00_5.tr.sq3	12	1800	11146	3454.0	25	24	0.2653061224489796	1.0	0.9491267239358233	0.1	1	235.0	25	24	0.2653061224489796	1.0	0.9491267239358233
2018-10-07 17:43:13	f:/temp/20181004/carmona-trs/Tkde2010PaperLogs/a12f0n00_5.tr.sq3	12	1800	11146	3454.0	25	24	0.2653061224489796	1.0	0.9491267239358233	0.2	0.05	414.0	18	22	0.325	0.9555555555555555	0.9581378100481884
2018-10-07 17:43:13	f:/temp/20181004/carmona-trs/Tkde2010PaperLogs/a12f0n00_5.tr.sq3	12	1800	11146	3454.0	25	24	0.2653061224489796	1.0	0.9491267239358233	0.2	0.1	497.0	18	22	0.325	0.9555555555555555	0.9584756000286075
2018-10-07 17:43:14	f:/temp/20181004/carmona-trs/Tkde2010PaperLogs/a12f0n00_5.tr.sq3	12	1800	11146	3454.0	25	24	0.2653061224489796	1.0	0.9491267239358233	0.2	0.2	502.0	18	22	0.325	0.9555555555555555	0.9583444779312242
2018-10-07 17:43:14	f:/temp/20181004/carmona-trs/Tkde2010PaperLogs/a12f0n00_5.tr.sq3	12	1800	11146	3454.0	25	24	0.2653061224489796	1.0	0.9491267239358233	0.2	0.3	459.0	20	23	0.3023255813953488	0.9349999999999999	0.9588702287952031
2018-10-07 17:43:15	f:/temp/20181004/carmona-trs/Tkde2010PaperLogs/a12f0n00_5.tr.sq3	12	1800	11146	3454.0	25	24	0.2653061224489796	1.0	0.9491267239358233	0.2	0.4	478.0	20	23	0.3023255813953488	0.9349999999999999	0.9580957095819725
2018-10-07 17:43:15	f:/temp/20181004/carmona-trs/Tkde2010PaperLogs/a12f0n00_5.tr.sq3	12	1800	11146	3454.0	25	24	0.2653061224489796	1.0	0.9491267239358233	0.2	0.5	493.0	20	22	0.30952380952380953	0.9375	0.9572907354460573
2018-10-07 17:43:16	f:/temp/20181004/carmona-trs/Tkde2010PaperLogs/a12f0n00_5.tr.sq3	12	1800	11146	3454.0	25	24	0.2653061224489796	1.0	0.9491267239358233	0.2	0.6	476.0	22	24	0.2826086956521739	0.8977272727272727	0.9566682605808768
2018-10-07 17:43:16	f:/temp/20181004/carmona-trs/Tkde2010PaperLogs/a12f0n00_5.tr.sq3	12	1800	11146	3454.0	25	24	0.2653061224489796	1.0	0.9491267239358233	0.2	0.7	481.0	21	23	0.29545454545454547	0.9126984126984126	0.9578279264411296
2018-10-07 17:43:17	f:/temp/20181004/carmona-trs/Tkde2010PaperLogs/a12f0n00_5.tr.sq3	12	1800	11146	3454.0	25	24	0.2653061224489796	1.0	0.9491267239358233	0.2	0.8	493.0	21	23	0.29545454545454547	0.9126984126984126	0.956922419931505
2018-10-07 17:43:17	f:/temp/20181004/carmona-trs/Tkde2010PaperLogs/a12f0n00_5.tr.sq3	12	1800	11146	3454.0	25	24	0.2653061224489796	1.0	0.9491267239358233	0.2	0.9	472.0	22	23	0.28888888888888886	0.9015151515151515	0.9571839084444481
2018-10-07 17:43:18	f:/temp/20181004/carmona-trs/Tkde2010PaperLogs/a12f0n00_5.tr.sq3	12	1800	11146	3454.0	25	24	0.2653061224489796	1.0	0.9491267239358233	0.2	0.95	431.0	22	23	0.28888888888888886	0.9015151515151515	0.9562966535749873
2018-10-07 17:43:18	f:/temp/20181004/carmona-trs/Tkde2010PaperLogs/a12f0n00_5.tr.sq3	12	1800	11146	3454.0	25	24	0.2653061224489796	1.0	0.9491267239358233	0.2	1	447.0	22	24	0.2826086956521739	0.8939393939393938	0.9576981875458922
2018-10-07 17:43:19	f:/temp/20181004/carmona-trs/Tkde2010PaperLogs/a12f0n00_5.tr.sq3	12	1800	11146	3454.0	25	24	0.2653061224489796	1.0	0.9491267239358233	0.3	0.05	932.0	5	14	0.6842105263157895	0.8261904761904763	0.9752087562911704
2018-10-07 17:43:20	f:/temp/20181004/carmona-trs/Tkde2010PaperLogs/a12f0n00_5.tr.sq3	12	1800	11146	3454.0	25	24	0.2653061224489796	1.0	0.9491267239358233	0.3	0.1	916.0	6	14	0.65	0.85546875	0.9760734476862183
2018-10-07 17:43:21	f:/temp/20181004/carmona-trs/Tkde2010PaperLogs/a12f0n00_5.tr.sq3	12	1800	11146	3454.0	25	24	0.2653061224489796	1.0	0.9491267239358233	0.3	0.2	871.0	7	15	0.5909090909090909	0.804945054945055	0.974547694765283
2018-10-07 17:43:22	f:/temp/20181004/carmona-trs/Tkde2010PaperLogs/a12f0n00_5.tr.sq3	12	1800	11146	3454.0	25	24	0.2653061224489796	1.0	0.9491267239358233	0.3	0.3	868.0	11	18	0.4482758620689655	0.696969696969697	0.9688262159168257
2018-10-07 17:43:22	f:/temp/20181004/carmona-trs/Tkde2010PaperLogs/a12f0n00_5.tr.sq3	12	1800	11146	3454.0	25	24	0.2653061224489796	1.0	0.9491267239358233	0.3	0.4	741.0	13	18	0.41935483870967744	0.6730769230769231	0.966003523288374
2018-10-07 17:43:23	f:/temp/20181004/carmona-trs/Tkde2010PaperLogs/a12f0n00_5.tr.sq3	12	1800	11146	3454.0	25	24	0.2653061224489796	1.0	0.9491267239358233	0.3	0.5	797.0	14	18	0.40625	0.6904761904761905	0.9684425916065444
2018-10-07 17:43:24	f:/temp/20181004/carmona-trs/Tkde2010PaperLogs/a12f0n00_5.tr.sq3	12	1800	11146	3454.0	25	24	0.2653061224489796	1.0	0.9491267239358233	0.3	0.6	824.0	15	20	0.37142857142857144	0.6444444444444444	0.9646977259487689
2018-10-07 17:43:25	f:/temp/20181004/carmona-trs/Tkde2010PaperLogs/a12f0n00_5.tr.sq3	12	1800	11146	3454.0	25	24	0.2653061224489796	1.0	0.9491267239358233	0.3	0.7	825.0	16	22	0.34210526315789475	0.6302083333333333	0.9655029719164785
2018-10-07 17:43:26	f:/temp/20181004/carmona-trs/Tkde2010PaperLogs/a12f0n00_5.tr.sq3	12	1800	11146	3454.0	25	24	0.2653061224489796	1.0	0.9491267239358233	0.3	0.8	828.0	17	21	0.34210526315789475	0.6813725490196078	0.9651464962771995
2018-10-07 17:43:27	f:/temp/20181004/carmona-trs/Tkde2010PaperLogs/a12f0n00_5.tr.sq3	12	1800	11146	3454.0	25	24	0.2653061224489796	1.0	0.9491267239358233	0.3	0.9	1007.0	20	23	0.3023255813953488	0.6708333333333334	0.9622735655338734
2018-10-07 17:43:28	f:/temp/20181004/carmona-trs/Tkde2010PaperLogs/a12f0n00_5.tr.sq3	12	1800	11146	3454.0	25	24	0.2653061224489796	1.0	0.9491267239358233	0.3	0.95	870.0	21	23	0.29545454545454547	0.6666666666666666	0.9611130961570902
2018-10-07 17:43:29	f:/temp/20181004/carmona-trs/Tkde2010PaperLogs/a12f0n00_5.tr.sq3	12	1800	11146	3454.0	25	24	0.2653061224489796	1.0	0.9491267239358233	0.3	1	892.0	21	23	0.29545454545454547	0.6825396825396824	0.961700014920667
2018-10-07 17:43:29	f:/temp/20181004/carmona-trs/Tkde2010PaperLogs/a12f0n00_5.tr.sq3	12	1800	11146	3454.0	25	24	0.2653061224489796	1.0	0.9491267239358233	0.35	0.05	836.0	5	14	0.6842105263157895	0.8261904761904763	0.9751040657384579
2018-10-07 17:43:30	f:/temp/20181004/carmona-trs/Tkde2010PaperLogs/a12f0n00_5.tr.sq3	12	1800	11146	3454.0	25	24	0.2653061224489796	1.0	0.9491267239358233	0.35	0.1	915.0	5	14	0.6842105263157895	0.8261904761904763	0.974830600513099
2018-10-07 17:43:31	f:/temp/20181004/carmona-trs/Tkde2010PaperLogs/a12f0n00_5.tr.sq3	12	1800	11146	3454.0	25	24	0.2653061224489796	1.0	0.9491267239358233	0.35	0.2	991.0	7	15	0.5909090909090909	0.804945054945055	0.9744230664047219
2018-10-07 17:43:32	f:/temp/20181004/carmona-trs/Tkde2010PaperLogs/a12f0n00_5.tr.sq3	12	1800	11146	3454.0	25	24	0.2653061224489796	1.0	0.9491267239358233	0.35	0.3	898.0	14	20	0.38235294117647056	0.6607142857142857	0.9675937222085069
2018-10-07 17:43:33	f:/temp/20181004/carmona-trs/Tkde2010PaperLogs/a12f0n00_5.tr.sq3	12	1800	11146	3454.0	25	24	0.2653061224489796	1.0	0.9491267239358233	0.35	0.4	817.0	13	18	0.41935483870967744	0.6730769230769231	0.9695058757845643
2018-10-07 17:43:34	f:/temp/20181004/carmona-trs/Tkde2010PaperLogs/a12f0n00_5.tr.sq3	12	1800	11146	3454.0	25	24	0.2653061224489796	1.0	0.9491267239358233	0.35	0.5	808.0	15	20	0.37142857142857144	0.6799999999999999	0.9695703739448608
2018-10-07 17:43:35	f:/temp/20181004/carmona-trs/Tkde2010PaperLogs/a12f0n00_5.tr.sq3	12	1800	11146	3454.0	25	24	0.2653061224489796	1.0	0.9491267239358233	0.35	0.6	845.0	16	21	0.35135135135135137	0.6510416666666667	0.9679777780001577
2018-10-07 17:43:36	f:/temp/20181004/carmona-trs/Tkde2010PaperLogs/a12f0n00_5.tr.sq3	12	1800	11146	3454.0	25	24	0.2653061224489796	1.0	0.9491267239358233	0.35	0.7	894.0	15	20	0.37142857142857144	0.6722222222222222	0.9684884066169601
2018-10-07 17:43:36	f:/temp/20181004/carmona-trs/Tkde2010PaperLogs/a12f0n00_5.tr.sq3	12	1800	11146	3454.0	25	24	0.2653061224489796	1.0	0.9491267239358233	0.35	0.8	820.0	16	20	0.3611111111111111	0.6927083333333333	0.96771810809476
2018-10-07 17:43:37	f:/temp/20181004/carmona-trs/Tkde2010PaperLogs/a12f0n00_5.tr.sq3	12	1800	11146	3454.0	25	24	0.2653061224489796	1.0	0.9491267239358233	0.35	0.9	824.0	19	22	0.3170731707317073	0.6973684210526315	0.9605761744944397
2018-10-07 17:43:38	f:/temp/20181004/carmona-trs/Tkde2010PaperLogs/a12f0n00_5.tr.sq3	12	1800	11146	3454.0	25	24	0.2653061224489796	1.0	0.9491267239358233	0.35	0.95	850.0	22	24	0.2826086956521739	0.6742424242424242	0.9609194128939716
2018-10-07 17:43:39	f:/temp/20181004/carmona-trs/Tkde2010PaperLogs/a12f0n00_5.tr.sq3	12	1800	11146	3454.0	25	24	0.2653061224489796	1.0	0.9491267239358233	0.35	1	899.0	20	23	0.3023255813953488	0.65	0.9625106255478961
2018-10-07 17:43:40	f:/temp/20181004/carmona-trs/Tkde2010PaperLogs/a12f0n00_5.tr.sq3	12	1800	11146	3454.0	25	24	0.2653061224489796	1.0	0.9491267239358233	0.4	0.05	943.0	5	14	0.6842105263157895	0.8261904761904763	0.9750920706036118
2018-10-07 17:43:41	f:/temp/20181004/carmona-trs/Tkde2010PaperLogs/a12f0n00_5.tr.sq3	12	1800	11146	3454.0	25	24	0.2653061224489796	1.0	0.9491267239358233	0.4	0.1	979.0	5	14	0.6842105263157895	0.8261904761904763	0.9752288842245779
2018-10-07 17:43:42	f:/temp/20181004/carmona-trs/Tkde2010PaperLogs/a12f0n00_5.tr.sq3	12	1800	11146	3454.0	25	24	0.2653061224489796	1.0	0.9491267239358233	0.4	0.2	1051.0	7	15	0.5909090909090909	0.804945054945055	0.9735714532184481
2018-10-07 17:43:43	f:/temp/20181004/carmona-trs/Tkde2010PaperLogs/a12f0n00_5.tr.sq3	12	1800	11146	3454.0	25	24	0.2653061224489796	1.0	0.9491267239358233	0.4	0.3	891.0	14	19	0.3939393939393939	0.7047619047619048	0.9702566083837566
2018-10-07 17:43:44	f:/temp/20181004/carmona-trs/Tkde2010PaperLogs/a12f0n00_5.tr.sq3	12	1800	11146	3454.0	25	24	0.2653061224489796	1.0	0.9491267239358233	0.4	0.4	843.0	14	20	0.38235294117647056	0.6571428571428571	0.9664871536387327
2018-10-07 17:43:45	f:/temp/20181004/carmona-trs/Tkde2010PaperLogs/a12f0n00_5.tr.sq3	12	1800	11146	3454.0	25	24	0.2653061224489796	1.0	0.9491267239358233	0.4	0.5	786.0	14	18	0.40625	0.6964285714285714	0.967473598528869
2018-10-07 17:43:45	f:/temp/20181004/carmona-trs/Tkde2010PaperLogs/a12f0n00_5.tr.sq3	12	1800	11146	3454.0	25	24	0.2653061224489796	1.0	0.9491267239358233	0.4	0.6	837.0	16	20	0.3611111111111111	0.6666666666666666	0.9652328402990497
2018-10-07 17:43:46	f:/temp/20181004/carmona-trs/Tkde2010PaperLogs/a12f0n00_5.tr.sq3	12	1800	11146	3454.0	25	24	0.2653061224489796	1.0	0.9491267239358233	0.4	0.7	673.0	16	20	0.3611111111111111	0.6666666666666666	0.9676605448770929
2018-10-07 17:43:47	f:/temp/20181004/carmona-trs/Tkde2010PaperLogs/a12f0n00_5.tr.sq3	12	1800	11146	3454.0	25	24	0.2653061224489796	1.0	0.9491267239358233	0.4	0.8	794.0	16	20	0.3611111111111111	0.6927083333333333	0.9671071143371239
2018-10-07 17:43:48	f:/temp/20181004/carmona-trs/Tkde2010PaperLogs/a12f0n00_5.tr.sq3	12	1800	11146	3454.0	25	24	0.2653061224489796	1.0	0.9491267239358233	0.4	0.9	880.0	18	22	0.325	0.6805555555555556	0.9657999692529978
2018-10-07 17:43:49	f:/temp/20181004/carmona-trs/Tkde2010PaperLogs/a12f0n00_5.tr.sq3	12	1800	11146	3454.0	25	24	0.2653061224489796	1.0	0.9491267239358233	0.4	0.95	968.0	19	23	0.30952380952380953	0.6491228070175438	0.9615587267027066
2018-10-07 17:43:50	f:/temp/20181004/carmona-trs/Tkde2010PaperLogs/a12f0n00_5.tr.sq3	12	1800	11146	3454.0	25	24	0.2653061224489796	1.0	0.9491267239358233	0.4	1	1125.0	21	23	0.29545454545454547	0.6825396825396824	0.9621148265434203
2018-10-07 17:43:51	f:/temp/20181004/carmona-trs/Tkde2010PaperLogs/a12f0n00_5.tr.sq3	12	1800	11146	3454.0	25	24	0.2653061224489796	1.0	0.9491267239358233	0.5	0.05	1305.0	4	12	0.8125	0.7840909090909091	0.9775975423881007
2018-10-07 17:43:52	f:/temp/20181004/carmona-trs/Tkde2010PaperLogs/a12f0n00_5.tr.sq3	12	1800	11146	3454.0	25	24	0.2653061224489796	1.0	0.9491267239358233	0.5	0.1	1040.0	6	13	0.6842105263157895	0.7734375	0.9779502374570527
2018-10-07 17:43:53	f:/temp/20181004/carmona-trs/Tkde2010PaperLogs/a12f0n00_5.tr.sq3	12	1800	11146	3454.0	25	24	0.2653061224489796	1.0	0.9491267239358233	0.5	0.2	1054.0	9	18	0.48148148148148145	0.7175925925925926	0.97469649435675
2018-10-07 17:43:54	f:/temp/20181004/carmona-trs/Tkde2010PaperLogs/a12f0n00_5.tr.sq3	12	1800	11146	3454.0	25	24	0.2653061224489796	1.0	0.9491267239358233	0.5	0.3	1062.0	13	20	0.3939393939393939	0.6538461538461539	0.971517553628743
2018-10-07 17:43:55	f:/temp/20181004/carmona-trs/Tkde2010PaperLogs/a12f0n00_5.tr.sq3	12	1800	11146	3454.0	25	24	0.2653061224489796	1.0	0.9491267239358233	0.5	0.4	730.0	13	18	0.41935483870967744	0.6474358974358974	0.9708428261553135
2018-10-07 17:43:56	f:/temp/20181004/carmona-trs/Tkde2010PaperLogs/a12f0n00_5.tr.sq3	12	1800	11146	3454.0	25	24	0.2653061224489796	1.0	0.9491267239358233	0.5	0.5	860.0	14	20	0.38235294117647056	0.619047619047619	0.970607009064743
2018-10-07 17:43:57	f:/temp/20181004/carmona-trs/Tkde2010PaperLogs/a12f0n00_5.tr.sq3	12	1800	11146	3454.0	25	24	0.2653061224489796	1.0	0.9491267239358233	0.5	0.6	954.0	14	19	0.3939393939393939	0.6309523809523808	0.9655340625483609
2018-10-07 17:43:58	f:/temp/20181004/carmona-trs/Tkde2010PaperLogs/a12f0n00_5.tr.sq3	12	1800	11146	3454.0	25	24	0.2653061224489796	1.0	0.9491267239358233	0.5	0.7	875.0	14	19	0.3939393939393939	0.6607142857142857	0.9649803570190165
2018-10-07 17:43:59	f:/temp/20181004/carmona-trs/Tkde2010PaperLogs/a12f0n00_5.tr.sq3	12	1800	11146	3454.0	25	24	0.2653061224489796	1.0	0.9491267239358233	0.5	0.8	854.0	17	21	0.34210526315789475	0.6617647058823529	0.965926085671917
2018-10-07 17:44:00	f:/temp/20181004/carmona-trs/Tkde2010PaperLogs/a12f0n00_5.tr.sq3	12	1800	11146	3454.0	25	24	0.2653061224489796	1.0	0.9491267239358233	0.5	0.9	914.0	19	22	0.3170731707317073	0.6578947368421053	0.9662472461124371
2018-10-07 17:44:00	f:/temp/20181004/carmona-trs/Tkde2010PaperLogs/a12f0n00_5.tr.sq3	12	1800	11146	3454.0	25	24	0.2653061224489796	1.0	0.9491267239358233	0.5	0.95	891.0	21	23	0.29545454545454547	0.6349206349206349	0.9630376980703641
2018-10-07 17:44:02	f:/temp/20181004/carmona-trs/Tkde2010PaperLogs/a12f0n00_5.tr.sq3	12	1800	11146	3454.0	25	24	0.2653061224489796	1.0	0.9491267239358233	0.5	1	1120.0	20	23	0.3023255813953488	0.6333333333333333	0.9607273011582781
2018-10-07 17:44:03	f:/temp/20181004/carmona-trs/Tkde2010PaperLogs/a12f0n00_5.tr.sq3	12	1800	11146	3454.0	25	24	0.2653061224489796	1.0	0.9491267239358233	0.6	0.05	1574.0	3	12	0.8666666666666667	0.7043478260869566	0.9810014471070263
2018-10-07 17:44:04	f:/temp/20181004/carmona-trs/Tkde2010PaperLogs/a12f0n00_5.tr.sq3	12	1800	11146	3454.0	25	24	0.2653061224489796	1.0	0.9491267239358233	0.6	0.1	1146.0	3	12	0.8666666666666667	0.7043478260869566	0.9809278978278998
2018-10-07 17:44:05	f:/temp/20181004/carmona-trs/Tkde2010PaperLogs/a12f0n00_5.tr.sq3	12	1800	11146	3454.0	25	24	0.2653061224489796	1.0	0.9491267239358233	0.6	0.2	1041.0	8	18	0.5	0.5998774509803921	0.977183294343946
2018-10-07 17:44:06	f:/temp/20181004/carmona-trs/Tkde2010PaperLogs/a12f0n00_5.tr.sq3	12	1800	11146	3454.0	25	24	0.2653061224489796	1.0	0.9491267239358233	0.6	0.3	970.0	13	19	0.40625	0.617948717948718	0.970704979447652
2018-10-07 17:44:07	f:/temp/20181004/carmona-trs/Tkde2010PaperLogs/a12f0n00_5.tr.sq3	12	1800	11146	3454.0	25	24	0.2653061224489796	1.0	0.9491267239358233	0.6	0.4	874.0	13	18	0.41935483870967744	0.6217948717948717	0.9689791556688255
2018-10-07 17:44:08	f:/temp/20181004/carmona-trs/Tkde2010PaperLogs/a12f0n00_5.tr.sq3	12	1800	11146	3454.0	25	24	0.2653061224489796	1.0	0.9491267239358233	0.6	0.5	978.0	14	18	0.40625	0.6488095238095237	0.9671258574120083
2018-10-07 17:44:09	f:/temp/20181004/carmona-trs/Tkde2010PaperLogs/a12f0n00_5.tr.sq3	12	1800	11146	3454.0	25	24	0.2653061224489796	1.0	0.9491267239358233	0.6	0.6	989.0	17	22	0.3333333333333333	0.6029411764705882	0.9642796483351775
2018-10-07 17:44:10	f:/temp/20181004/carmona-trs/Tkde2010PaperLogs/a12f0n00_5.tr.sq3	12	1800	11146	3454.0	25	24	0.2653061224489796	1.0	0.9491267239358233	0.6	0.7	907.0	15	20	0.37142857142857144	0.6277777777777778	0.9657199644664827
2018-10-07 17:44:11	f:/temp/20181004/carmona-trs/Tkde2010PaperLogs/a12f0n00_5.tr.sq3	12	1800	11146	3454.0	25	24	0.2653061224489796	1.0	0.9491267239358233	0.6	0.8	966.0	17	22	0.3333333333333333	0.6127450980392156	0.9642364164921741
2018-10-07 17:44:12	f:/temp/20181004/carmona-trs/Tkde2010PaperLogs/a12f0n00_5.tr.sq3	12	1800	11146	3454.0	25	24	0.2653061224489796	1.0	0.9491267239358233	0.6	0.9	900.0	18	22	0.325	0.6435185185185185	0.9626142274206901
2018-10-07 17:44:13	f:/temp/20181004/carmona-trs/Tkde2010PaperLogs/a12f0n00_5.tr.sq3	12	1800	11146	3454.0	25	24	0.2653061224489796	1.0	0.9491267239358233	0.6	0.95	993.0	20	23	0.3023255813953488	0.6166666666666666	0.9625807889808995
2018-10-07 17:44:14	f:/temp/20181004/carmona-trs/Tkde2010PaperLogs/a12f0n00_5.tr.sq3	12	1800	11146	3454.0	25	24	0.2653061224489796	1.0	0.9491267239358233	0.6	1	964.0	22	23	0.28888888888888886	0.6363636363636364	0.962295061742942
2018-10-07 17:44:15	f:/temp/20181004/carmona-trs/Tkde2010PaperLogs/a12f0n00_5.tr.sq3	12	1800	11146	3454.0	25	24	0.2653061224489796	1.0	0.9491267239358233	0.7	0.05	1227.0	3	12	0.8666666666666667	0.7043478260869566	0.9810739536809435
2018-10-07 17:44:17	f:/temp/20181004/carmona-trs/Tkde2010PaperLogs/a12f0n00_5.tr.sq3	12	1800	11146	3454.0	25	24	0.2653061224489796	1.0	0.9491267239358233	0.7	0.1	1239.0	4	13	0.7647058823529411	0.65375	0.9806691918385106
2018-10-07 17:44:18	f:/temp/20181004/carmona-trs/Tkde2010PaperLogs/a12f0n00_5.tr.sq3	12	1800	11146	3454.0	25	24	0.2653061224489796	1.0	0.9491267239358233	0.7	0.2	1035.0	7	16	0.5652173913043478	0.6857993197278912	0.9718348124824028
2018-10-07 17:44:19	f:/temp/20181004/carmona-trs/Tkde2010PaperLogs/a12f0n00_5.tr.sq3	12	1800	11146	3454.0	25	24	0.2653061224489796	1.0	0.9491267239358233	0.7	0.3	1010.0	13	20	0.3939393939393939	0.6282051282051282	0.9692676061474117
2018-10-07 17:44:20	f:/temp/20181004/carmona-trs/Tkde2010PaperLogs/a12f0n00_5.tr.sq3	12	1800	11146	3454.0	25	24	0.2653061224489796	1.0	0.9491267239358233	0.7	0.4	1321.0	16	20	0.3611111111111111	0.640625	0.9674965468605582
2018-10-07 17:44:21	f:/temp/20181004/carmona-trs/Tkde2010PaperLogs/a12f0n00_5.tr.sq3	12	1800	11146	3454.0	25	24	0.2653061224489796	1.0	0.9491267239358233	0.7	0.5	824.0	17	21	0.34210526315789475	0.6323529411764706	0.9673258872185282
2018-10-07 17:44:22	f:/temp/20181004/carmona-trs/Tkde2010PaperLogs/a12f0n00_5.tr.sq3	12	1800	11146	3454.0	25	24	0.2653061224489796	1.0	0.9491267239358233	0.7	0.6	985.0	15	21	0.3611111111111111	0.6	0.9675945890576766
2018-10-07 17:44:23	f:/temp/20181004/carmona-trs/Tkde2010PaperLogs/a12f0n00_5.tr.sq3	12	1800	11146	3454.0	25	24	0.2653061224489796	1.0	0.9491267239358233	0.7	0.7	921.0	15	20	0.37142857142857144	0.6277777777777778	0.9623445026981808
2018-10-07 17:44:24	f:/temp/20181004/carmona-trs/Tkde2010PaperLogs/a12f0n00_5.tr.sq3	12	1800	11146	3454.0	25	24	0.2653061224489796	1.0	0.9491267239358233	0.7	0.8	995.0	17	20	0.35135135135135137	0.6470588235294118	0.968963480711521
2018-10-07 17:44:25	f:/temp/20181004/carmona-trs/Tkde2010PaperLogs/a12f0n00_5.tr.sq3	12	1800	11146	3454.0	25	24	0.2653061224489796	1.0	0.9491267239358233	0.7	0.9	956.0	19	22	0.3170731707317073	0.6622807017543859	0.9664007989492301
2018-10-07 17:44:26	f:/temp/20181004/carmona-trs/Tkde2010PaperLogs/a12f0n00_5.tr.sq3	12	1800	11146	3454.0	25	24	0.2653061224489796	1.0	0.9491267239358233	0.7	0.95	991.0	21	23	0.29545454545454547	0.6349206349206349	0.9647912594193118
2018-10-07 17:44:27	f:/temp/20181004/carmona-trs/Tkde2010PaperLogs/a12f0n00_5.tr.sq3	12	1800	11146	3454.0	25	24	0.2653061224489796	1.0	0.9491267239358233	0.7	1	987.0	20	23	0.3023255813953488	0.6166666666666666	0.9627268539575891
2018-10-07 17:44:28	f:/temp/20181004/carmona-trs/Tkde2010PaperLogs/a12f0n00_5.tr.sq3	12	1800	11146	3454.0	25	24	0.2653061224489796	1.0	0.9491267239358233	0.8	0.05	1210.0	3	12	0.8666666666666667	0.7043478260869566	0.9810119258222932
2018-10-07 17:44:29	f:/temp/20181004/carmona-trs/Tkde2010PaperLogs/a12f0n00_5.tr.sq3	12	1800	11146	3454.0	25	24	0.2653061224489796	1.0	0.9491267239358233	0.8	0.1	1082.0	4	13	0.7647058823529411	0.6534090909090909	0.9792529761388835
2018-10-07 17:44:30	f:/temp/20181004/carmona-trs/Tkde2010PaperLogs/a12f0n00_5.tr.sq3	12	1800	11146	3454.0	25	24	0.2653061224489796	1.0	0.9491267239358233	0.8	0.2	1043.0	9	18	0.48148148148148145	0.6805555555555556	0.9732011393603425
2018-10-07 17:44:31	f:/temp/20181004/carmona-trs/Tkde2010PaperLogs/a12f0n00_5.tr.sq3	12	1800	11146	3454.0	25	24	0.2653061224489796	1.0	0.9491267239358233	0.8	0.3	984.0	13	20	0.3939393939393939	0.6282051282051282	0.9714795519817178
2018-10-07 17:44:32	f:/temp/20181004/carmona-trs/Tkde2010PaperLogs/a12f0n00_5.tr.sq3	12	1800	11146	3454.0	25	24	0.2653061224489796	1.0	0.9491267239358233	0.8	0.4	925.0	14	20	0.38235294117647056	0.6095238095238095	0.9688450395464324
2018-10-07 17:44:33	f:/temp/20181004/carmona-trs/Tkde2010PaperLogs/a12f0n00_5.tr.sq3	12	1800	11146	3454.0	25	24	0.2653061224489796	1.0	0.9491267239358233	0.8	0.5	944.0	15	21	0.3611111111111111	0.6055555555555555	0.9711464485295198
2018-10-07 17:44:34	f:/temp/20181004/carmona-trs/Tkde2010PaperLogs/a12f0n00_5.tr.sq3	12	1800	11146	3454.0	25	24	0.2653061224489796	1.0	0.9491267239358233	0.8	0.6	961.0	15	21	0.3611111111111111	0.6055555555555555	0.96841444662148
2018-10-07 17:44:35	f:/temp/20181004/carmona-trs/Tkde2010PaperLogs/a12f0n00_5.tr.sq3	12	1800	11146	3454.0	25	24	0.2653061224489796	1.0	0.9491267239358233	0.8	0.7	968.0	16	21	0.35135135135135137	0.6302083333333333	0.9707404792886154
2018-10-07 17:44:36	f:/temp/20181004/carmona-trs/Tkde2010PaperLogs/a12f0n00_5.tr.sq3	12	1800	11146	3454.0	25	24	0.2653061224489796	1.0	0.9491267239358233	0.8	0.8	897.0	16	20	0.3611111111111111	0.6510416666666666	0.9665337142682089
2018-10-07 17:44:37	f:/temp/20181004/carmona-trs/Tkde2010PaperLogs/a12f0n00_5.tr.sq3	12	1800	11146	3454.0	25	24	0.2653061224489796	1.0	0.9491267239358233	0.8	0.9	1027.0	18	22	0.325	0.6203703703703703	0.9661363893282003
2018-10-07 17:44:38	f:/temp/20181004/carmona-trs/Tkde2010PaperLogs/a12f0n00_5.tr.sq3	12	1800	11146	3454.0	25	24	0.2653061224489796	1.0	0.9491267239358233	0.8	0.95	881.0	21	23	0.29545454545454547	0.6349206349206349	0.9640551443416764
2018-10-07 17:44:39	f:/temp/20181004/carmona-trs/Tkde2010PaperLogs/a12f0n00_5.tr.sq3	12	1800	11146	3454.0	25	24	0.2653061224489796	1.0	0.9491267239358233	0.8	1	1070.0	19	23	0.30952380952380953	0.6140350877192983	0.9646392292048709
2018-10-07 17:44:40	f:/temp/20181004/carmona-trs/Tkde2010PaperLogs/a12f0n00_5.tr.sq3	12	1800	11146	3454.0	25	24	0.2653061224489796	1.0	0.9491267239358233	0.9	0.05	1175.0	3	12	0.8666666666666667	0.7043478260869566	0.9815537246630308
2018-10-07 17:44:41	f:/temp/20181004/carmona-trs/Tkde2010PaperLogs/a12f0n00_5.tr.sq3	12	1800	11146	3454.0	25	24	0.2653061224489796	1.0	0.9491267239358233	0.9	0.1	1119.0	4	14	0.7222222222222222	0.6523809523809524	0.9810149567629726
2018-10-07 17:44:42	f:/temp/20181004/carmona-trs/Tkde2010PaperLogs/a12f0n00_5.tr.sq3	12	1800	11146	3454.0	25	24	0.2653061224489796	1.0	0.9491267239358233	0.9	0.2	1061.0	10	19	0.4482758620689655	0.6302083333333333	0.974262918594737
2018-10-07 17:44:43	f:/temp/20181004/carmona-trs/Tkde2010PaperLogs/a12f0n00_5.tr.sq3	12	1800	11146	3454.0	25	24	0.2653061224489796	1.0	0.9491267239358233	0.9	0.3	971.0	14	20	0.38235294117647056	0.6214285714285713	0.9692012372758795
2018-10-07 17:44:44	f:/temp/20181004/carmona-trs/Tkde2010PaperLogs/a12f0n00_5.tr.sq3	12	1800	11146	3454.0	25	24	0.2653061224489796	1.0	0.9491267239358233	0.9	0.4	893.0	14	19	0.3939393939393939	0.6071428571428571	0.9689264792260991
2018-10-07 17:44:45	f:/temp/20181004/carmona-trs/Tkde2010PaperLogs/a12f0n00_5.tr.sq3	12	1800	11146	3454.0	25	24	0.2653061224489796	1.0	0.9491267239358233	0.9	0.5	994.0	14	18	0.40625	0.6488095238095237	0.9675806028639311
2018-10-07 17:44:46	f:/temp/20181004/carmona-trs/Tkde2010PaperLogs/a12f0n00_5.tr.sq3	12	1800	11146	3454.0	25	24	0.2653061224489796	1.0	0.9491267239358233	0.9	0.6	787.0	17	20	0.35135135135135137	0.6274509803921569	0.9657364722038737
2018-10-07 17:44:47	f:/temp/20181004/carmona-trs/Tkde2010PaperLogs/a12f0n00_5.tr.sq3	12	1800	11146	3454.0	25	24	0.2653061224489796	1.0	0.9491267239358233	0.9	0.7	943.0	16	21	0.35135135135135137	0.6302083333333333	0.9675240269322664
2018-10-07 17:44:48	f:/temp/20181004/carmona-trs/Tkde2010PaperLogs/a12f0n00_5.tr.sq3	12	1800	11146	3454.0	25	24	0.2653061224489796	1.0	0.9491267239358233	0.9	0.8	917.0	17	20	0.35135135135135137	0.6470588235294118	0.967068623070634
2018-10-07 17:44:49	f:/temp/20181004/carmona-trs/Tkde2010PaperLogs/a12f0n00_5.tr.sq3	12	1800	11146	3454.0	25	24	0.2653061224489796	1.0	0.9491267239358233	0.9	0.9	1002.0	19	22	0.3170731707317073	0.6403508771929824	0.965478153117692
2018-10-07 17:44:50	f:/temp/20181004/carmona-trs/Tkde2010PaperLogs/a12f0n00_5.tr.sq3	12	1800	11146	3454.0	25	24	0.2653061224489796	1.0	0.9491267239358233	0.9	0.95	955.0	21	23	0.29545454545454547	0.6349206349206349	0.9623153490268168
2018-10-07 17:44:51	f:/temp/20181004/carmona-trs/Tkde2010PaperLogs/a12f0n00_5.tr.sq3	12	1800	11146	3454.0	25	24	0.2653061224489796	1.0	0.9491267239358233	0.9	1	1067.0	22	24	0.2826086956521739	0.6439393939393939	0.9626527185457957
2018-10-07 17:44:52	f:/temp/20181004/carmona-trs/Tkde2010PaperLogs/a12f0n00_5.tr.sq3	12	1800	11146	3454.0	25	24	0.2653061224489796	1.0	0.9491267239358233	0.95	0.05	1242.0	3	12	0.8666666666666667	0.7043478260869566	0.9812981509357442
2018-10-07 17:44:53	f:/temp/20181004/carmona-trs/Tkde2010PaperLogs/a12f0n00_5.tr.sq3	12	1800	11146	3454.0	25	24	0.2653061224489796	1.0	0.9491267239358233	0.95	0.1	1145.0	4	15	0.6842105263157895	0.59125	0.9789512236073538
2018-10-07 17:44:54	f:/temp/20181004/carmona-trs/Tkde2010PaperLogs/a12f0n00_5.tr.sq3	12	1800	11146	3454.0	25	24	0.2653061224489796	1.0	0.9491267239358233	0.95	0.2	888.0	8	17	0.52	0.6627604166666666	0.9755322170927506
2018-10-07 17:44:55	f:/temp/20181004/carmona-trs/Tkde2010PaperLogs/a12f0n00_5.tr.sq3	12	1800	11146	3454.0	25	24	0.2653061224489796	1.0	0.9491267239358233	0.95	0.3	963.0	13	19	0.40625	0.6217948717948717	0.972176114164074
2018-10-07 17:44:56	f:/temp/20181004/carmona-trs/Tkde2010PaperLogs/a12f0n00_5.tr.sq3	12	1800	11146	3454.0	25	24	0.2653061224489796	1.0	0.9491267239358233	0.95	0.4	1046.0	16	20	0.3611111111111111	0.640625	0.9711924016659707
2018-10-07 17:44:57	f:/temp/20181004/carmona-trs/Tkde2010PaperLogs/a12f0n00_5.tr.sq3	12	1800	11146	3454.0	25	24	0.2653061224489796	1.0	0.9491267239358233	0.95	0.5	930.0	14	20	0.38235294117647056	0.6095238095238095	0.9672019672163532
2018-10-07 17:44:58	f:/temp/20181004/carmona-trs/Tkde2010PaperLogs/a12f0n00_5.tr.sq3	12	1800	11146	3454.0	25	24	0.2653061224489796	1.0	0.9491267239358233	0.95	0.6	924.0	16	20	0.3611111111111111	0.6041666666666666	0.9670723656297786
2018-10-07 17:44:59	f:/temp/20181004/carmona-trs/Tkde2010PaperLogs/a12f0n00_5.tr.sq3	12	1800	11146	3454.0	25	24	0.2653061224489796	1.0	0.9491267239358233	0.95	0.7	911.0	15	20	0.37142857142857144	0.6	0.9687268062968741
2018-10-07 17:45:00	f:/temp/20181004/carmona-trs/Tkde2010PaperLogs/a12f0n00_5.tr.sq3	12	1800	11146	3454.0	25	24	0.2653061224489796	1.0	0.9491267239358233	0.95	0.8	923.0	16	20	0.3611111111111111	0.6510416666666666	0.9652014641723767
2018-10-07 17:45:01	f:/temp/20181004/carmona-trs/Tkde2010PaperLogs/a12f0n00_5.tr.sq3	12	1800	11146	3454.0	25	24	0.2653061224489796	1.0	0.9491267239358233	0.95	0.9	986.0	19	23	0.30952380952380953	0.6359649122807017	0.9660226530970251
2018-10-07 17:45:02	f:/temp/20181004/carmona-trs/Tkde2010PaperLogs/a12f0n00_5.tr.sq3	12	1800	11146	3454.0	25	24	0.2653061224489796	1.0	0.9491267239358233	0.95	0.95	992.0	20	23	0.3023255813953488	0.6166666666666666	0.9638834804690474
2018-10-07 17:45:03	f:/temp/20181004/carmona-trs/Tkde2010PaperLogs/a12f0n00_5.tr.sq3	12	1800	11146	3454.0	25	24	0.2653061224489796	1.0	0.9491267239358233	0.95	1	882.0	23	24	0.2765957446808511	0.6594202898550724	0.962777488734184
