Timestamp	Log file	Activities #	Traces #	Events #	TS1 build time (ms)	TS1 states #	TS1 trans #	TS1 simpl	TS1 prec	TS1 gener	threshold	VWSC	TS2 + TS3 build time (ms)	TS3 states #	TS3 trans #	TS3 simpl	TS3 prec	TS3 gener	PN synth time (ms)	PN pos #	PN trans #	PN acrs #
2018-12-19 02:26:14	f:/temp/20181004/carmona-trs/Tkde2010PaperLogs/a12f0n00_5.tr.sq3	12	1800	11146	3462.0	25	24	0.2653061224489796	1.0	0.9491267239358233	0.2	0.005	479.0	18	22	0.325	0.9555555555555555	0.958199809790529
2018-12-19 02:26:14	f:/temp/20181004/carmona-trs/Tkde2010PaperLogs/a12f0n00_5.tr.sq3	12	1800	11146	3462.0	25	24	0.2653061224489796	1.0	0.9491267239358233	0.2	0.006	501.0	18	22	0.325	0.9555555555555555	0.9583032450290019
2018-12-19 02:26:15	f:/temp/20181004/carmona-trs/Tkde2010PaperLogs/a12f0n00_5.tr.sq3	12	1800	11146	3462.0	25	24	0.2653061224489796	1.0	0.9491267239358233	0.2	0.007	495.0	18	22	0.325	0.9555555555555555	0.9583859177296747
2018-12-19 02:26:15	f:/temp/20181004/carmona-trs/Tkde2010PaperLogs/a12f0n00_5.tr.sq3	12	1800	11146	3462.0	25	24	0.2653061224489796	1.0	0.9491267239358233	0.2	0.008	429.0	18	22	0.325	0.9555555555555555	0.9583032450290019
2018-12-19 02:26:16	f:/temp/20181004/carmona-trs/Tkde2010PaperLogs/a12f0n00_5.tr.sq3	12	1800	11146	3462.0	25	24	0.2653061224489796	1.0	0.9491267239358233	0.2	0.009	426.0	18	22	0.325	0.9555555555555555	0.9582534085403076
2018-12-19 02:26:16	f:/temp/20181004/carmona-trs/Tkde2010PaperLogs/a12f0n00_5.tr.sq3	12	1800	11146	3462.0	25	24	0.2653061224489796	1.0	0.9491267239358233	0.2	0.01	445.0	18	22	0.325	0.9555555555555555	0.9582566976065987
2018-12-19 02:26:17	f:/temp/20181004/carmona-trs/Tkde2010PaperLogs/a12f0n00_5.tr.sq3	12	1800	11146	3462.0	25	24	0.2653061224489796	1.0	0.9491267239358233	0.2	0.011	524.0	18	22	0.325	0.9555555555555555	0.958199809790529
2018-12-19 02:26:17	f:/temp/20181004/carmona-trs/Tkde2010PaperLogs/a12f0n00_5.tr.sq3	12	1800	11146	3462.0	25	24	0.2653061224489796	1.0	0.9491267239358233	0.2	0.012	491.0	18	22	0.325	0.9555555555555555	0.9584503045240956
2018-12-19 02:26:18	f:/temp/20181004/carmona-trs/Tkde2010PaperLogs/a12f0n00_5.tr.sq3	12	1800	11146	3462.0	25	24	0.2653061224489796	1.0	0.9491267239358233	0.2	0.013	506.0	18	22	0.325	0.9555555555555555	0.9582566976065987
2018-12-19 02:26:18	f:/temp/20181004/carmona-trs/Tkde2010PaperLogs/a12f0n00_5.tr.sq3	12	1800	11146	3462.0	25	24	0.2653061224489796	1.0	0.9491267239358233	0.2	0.014	495.0	18	22	0.325	0.9555555555555555	0.9583032450290019
2018-12-19 02:26:18	f:/temp/20181004/carmona-trs/Tkde2010PaperLogs/a12f0n00_5.tr.sq3	12	1800	11146	3462.0	25	24	0.2653061224489796	1.0	0.9491267239358233	0.2	0.015	445.0	18	22	0.325	0.9555555555555555	0.9583813362795365
2018-12-19 02:26:19	f:/temp/20181004/carmona-trs/Tkde2010PaperLogs/a12f0n00_5.tr.sq3	12	1800	11146	3462.0	25	24	0.2653061224489796	1.0	0.9491267239358233	0.21	0.005	429.0	18	22	0.325	0.9555555555555555	0.9583003468384281
2018-12-19 02:26:19	f:/temp/20181004/carmona-trs/Tkde2010PaperLogs/a12f0n00_5.tr.sq3	12	1800	11146	3462.0	25	24	0.2653061224489796	1.0	0.9491267239358233	0.21	0.006	441.0	18	22	0.325	0.9555555555555555	0.9583470379666499
2018-12-19 02:26:20	f:/temp/20181004/carmona-trs/Tkde2010PaperLogs/a12f0n00_5.tr.sq3	12	1800	11146	3462.0	25	24	0.2653061224489796	1.0	0.9491267239358233	0.21	0.007	490.0	18	22	0.325	0.9555555555555555	0.9583444779312242
2018-12-19 02:26:20	f:/temp/20181004/carmona-trs/Tkde2010PaperLogs/a12f0n00_5.tr.sq3	12	1800	11146	3462.0	25	24	0.2653061224489796	1.0	0.9491267239358233	0.21	0.008	519.0	18	22	0.325	0.9555555555555555	0.9583032450290019
2018-12-19 02:26:21	f:/temp/20181004/carmona-trs/Tkde2010PaperLogs/a12f0n00_5.tr.sq3	12	1800	11146	3462.0	25	24	0.2653061224489796	1.0	0.9491267239358233	0.21	0.009	506.0	18	22	0.325	0.9555555555555555	0.9583444779312242
2018-12-19 02:26:21	f:/temp/20181004/carmona-trs/Tkde2010PaperLogs/a12f0n00_5.tr.sq3	12	1800	11146	3462.0	25	24	0.2653061224489796	1.0	0.9491267239358233	0.21	0.01	476.0	18	22	0.325	0.9555555555555555	0.9583470379666499
2018-12-19 02:26:22	f:/temp/20181004/carmona-trs/Tkde2010PaperLogs/a12f0n00_5.tr.sq3	12	1800	11146	3462.0	25	24	0.2653061224489796	1.0	0.9491267239358233	0.21	0.011	426.0	18	22	0.325	0.9555555555555555	0.9581333657926516
2018-12-19 02:26:22	f:/temp/20181004/carmona-trs/Tkde2010PaperLogs/a12f0n00_5.tr.sq3	12	1800	11146	3462.0	25	24	0.2653061224489796	1.0	0.9491267239358233	0.21	0.012	437.0	18	22	0.325	0.9555555555555555	0.9580596857922046
2018-12-19 02:26:23	f:/temp/20181004/carmona-trs/Tkde2010PaperLogs/a12f0n00_5.tr.sq3	12	1800	11146	3462.0	25	24	0.2653061224489796	1.0	0.9491267239358233	0.21	0.013	465.0	18	22	0.325	0.9555555555555555	0.958199809790529
2018-12-19 02:26:23	f:/temp/20181004/carmona-trs/Tkde2010PaperLogs/a12f0n00_5.tr.sq3	12	1800	11146	3462.0	25	24	0.2653061224489796	1.0	0.9491267239358233	0.21	0.014	507.0	18	22	0.325	0.9555555555555555	0.958199809790529
2018-12-19 02:26:24	f:/temp/20181004/carmona-trs/Tkde2010PaperLogs/a12f0n00_5.tr.sq3	12	1800	11146	3462.0	25	24	0.2653061224489796	1.0	0.9491267239358233	0.21	0.015	494.0	18	22	0.325	0.9555555555555555	0.9582566976065987
2018-12-19 02:26:24	f:/temp/20181004/carmona-trs/Tkde2010PaperLogs/a12f0n00_5.tr.sq3	12	1800	11146	3462.0	25	24	0.2653061224489796	1.0	0.9491267239358233	0.22	0.005	435.0	18	22	0.325	0.9555555555555555	0.9582534085403076
2018-12-19 02:26:25	f:/temp/20181004/carmona-trs/Tkde2010PaperLogs/a12f0n00_5.tr.sq3	12	1800	11146	3462.0	25	24	0.2653061224489796	1.0	0.9491267239358233	0.22	0.006	432.0	18	22	0.325	0.9555555555555555	0.9581333657926516
2018-12-19 02:26:25	f:/temp/20181004/carmona-trs/Tkde2010PaperLogs/a12f0n00_5.tr.sq3	12	1800	11146	3462.0	25	24	0.2653061224489796	1.0	0.9491267239358233	0.22	0.007	401.0	18	22	0.325	0.9555555555555555	0.9583003468384281
2018-12-19 02:26:26	f:/temp/20181004/carmona-trs/Tkde2010PaperLogs/a12f0n00_5.tr.sq3	12	1800	11146	3462.0	25	24	0.2653061224489796	1.0	0.9491267239358233	0.22	0.008	453.0	18	22	0.325	0.9555555555555555	0.9583836348495715
2018-12-19 02:26:26	f:/temp/20181004/carmona-trs/Tkde2010PaperLogs/a12f0n00_5.tr.sq3	12	1800	11146	3462.0	25	24	0.2653061224489796	1.0	0.9491267239358233	0.22	0.009	428.0	18	22	0.325	0.9555555555555555	0.9582534085403076
2018-12-19 02:26:26	f:/temp/20181004/carmona-trs/Tkde2010PaperLogs/a12f0n00_5.tr.sq3	12	1800	11146	3462.0	25	24	0.2653061224489796	1.0	0.9491267239358233	0.22	0.01	501.0	18	22	0.325	0.9555555555555555	0.958199809790529
2018-12-19 02:26:27	f:/temp/20181004/carmona-trs/Tkde2010PaperLogs/a12f0n00_5.tr.sq3	12	1800	11146	3462.0	25	24	0.2653061224489796	1.0	0.9491267239358233	0.22	0.011	616.0	18	22	0.325	0.9555555555555555	0.9583470379666499
2018-12-19 02:26:28	f:/temp/20181004/carmona-trs/Tkde2010PaperLogs/a12f0n00_5.tr.sq3	12	1800	11146	3462.0	25	24	0.2653061224489796	1.0	0.9491267239358233	0.22	0.012	512.0	18	22	0.325	0.9555555555555555	0.9583032450290019
2018-12-19 02:26:28	f:/temp/20181004/carmona-trs/Tkde2010PaperLogs/a12f0n00_5.tr.sq3	12	1800	11146	3462.0	25	24	0.2653061224489796	1.0	0.9491267239358233	0.22	0.013	478.0	18	22	0.325	0.9555555555555555	0.9584166213975807
2018-12-19 02:26:29	f:/temp/20181004/carmona-trs/Tkde2010PaperLogs/a12f0n00_5.tr.sq3	12	1800	11146	3462.0	25	24	0.2653061224489796	1.0	0.9491267239358233	0.22	0.014	498.0	18	22	0.325	0.9555555555555555	0.9580596857922046
2018-12-19 02:26:29	f:/temp/20181004/carmona-trs/Tkde2010PaperLogs/a12f0n00_5.tr.sq3	12	1800	11146	3462.0	25	24	0.2653061224489796	1.0	0.9491267239358233	0.22	0.015	464.0	18	22	0.325	0.9555555555555555	0.9580596857922046
2018-12-19 02:26:30	f:/temp/20181004/carmona-trs/Tkde2010PaperLogs/a12f0n00_5.tr.sq3	12	1800	11146	3462.0	25	24	0.2653061224489796	1.0	0.9491267239358233	0.23	0.005	656.0	13	19	0.40625	0.9358974358974359	0.9618239922309123
2018-12-19 02:26:30	f:/temp/20181004/carmona-trs/Tkde2010PaperLogs/a12f0n00_5.tr.sq3	12	1800	11146	3462.0	25	24	0.2653061224489796	1.0	0.9491267239358233	0.23	0.006	715.0	13	19	0.40625	0.9358974358974359	0.9615352529347833
2018-12-19 02:26:31	f:/temp/20181004/carmona-trs/Tkde2010PaperLogs/a12f0n00_5.tr.sq3	12	1800	11146	3462.0	25	24	0.2653061224489796	1.0	0.9491267239358233	0.23	0.007	625.0	13	19	0.40625	0.9358974358974359	0.9615885970838721
2018-12-19 02:26:32	f:/temp/20181004/carmona-trs/Tkde2010PaperLogs/a12f0n00_5.tr.sq3	12	1800	11146	3462.0	25	24	0.2653061224489796	1.0	0.9491267239358233	0.23	0.008	626.0	13	19	0.40625	0.9358974358974359	0.9617157765708277
2018-12-19 02:26:32	f:/temp/20181004/carmona-trs/Tkde2010PaperLogs/a12f0n00_5.tr.sq3	12	1800	11146	3462.0	25	24	0.2653061224489796	1.0	0.9491267239358233	0.23	0.009	611.0	13	19	0.40625	0.9358974358974359	0.9615900442289622
2018-12-19 02:26:33	f:/temp/20181004/carmona-trs/Tkde2010PaperLogs/a12f0n00_5.tr.sq3	12	1800	11146	3462.0	25	24	0.2653061224489796	1.0	0.9491267239358233	0.23	0.01	600.0	13	19	0.40625	0.9358974358974359	0.9615636250348433
2018-12-19 02:26:34	f:/temp/20181004/carmona-trs/Tkde2010PaperLogs/a12f0n00_5.tr.sq3	12	1800	11146	3462.0	25	24	0.2653061224489796	1.0	0.9491267239358233	0.23	0.011	604.0	13	19	0.40625	0.9358974358974359	0.9616395359338534
2018-12-19 02:26:34	f:/temp/20181004/carmona-trs/Tkde2010PaperLogs/a12f0n00_5.tr.sq3	12	1800	11146	3462.0	25	24	0.2653061224489796	1.0	0.9491267239358233	0.23	0.012	620.0	13	19	0.40625	0.9358974358974359	0.9617179625736989
2018-12-19 02:26:35	f:/temp/20181004/carmona-trs/Tkde2010PaperLogs/a12f0n00_5.tr.sq3	12	1800	11146	3462.0	25	24	0.2653061224489796	1.0	0.9491267239358233	0.23	0.013	698.0	13	19	0.40625	0.9358974358974359	0.9616380605452961
2018-12-19 02:26:35	f:/temp/20181004/carmona-trs/Tkde2010PaperLogs/a12f0n00_5.tr.sq3	12	1800	11146	3462.0	25	24	0.2653061224489796	1.0	0.9491267239358233	0.23	0.014	545.0	13	19	0.40625	0.9358974358974359	0.9616802241828143
2018-12-19 02:26:36	f:/temp/20181004/carmona-trs/Tkde2010PaperLogs/a12f0n00_5.tr.sq3	12	1800	11146	3462.0	25	24	0.2653061224489796	1.0	0.9491267239358233	0.23	0.015	587.0	13	19	0.40625	0.9358974358974359	0.9616380605452961
2018-12-19 02:26:37	f:/temp/20181004/carmona-trs/Tkde2010PaperLogs/a12f0n00_5.tr.sq3	12	1800	11146	3462.0	25	24	0.2653061224489796	1.0	0.9491267239358233	0.24	0.005	723.0	13	19	0.40625	0.9358974358974359	0.9617179625736989
2018-12-19 02:26:37	f:/temp/20181004/carmona-trs/Tkde2010PaperLogs/a12f0n00_5.tr.sq3	12	1800	11146	3462.0	25	24	0.2653061224489796	1.0	0.9491267239358233	0.24	0.006	674.0	13	19	0.40625	0.9358974358974359	0.9617507932676551
2018-12-19 02:26:38	f:/temp/20181004/carmona-trs/Tkde2010PaperLogs/a12f0n00_5.tr.sq3	12	1800	11146	3462.0	25	24	0.2653061224489796	1.0	0.9491267239358233	0.24	0.007	737.0	13	19	0.40625	0.9358974358974359	0.9616380605452961
2018-12-19 02:26:39	f:/temp/20181004/carmona-trs/Tkde2010PaperLogs/a12f0n00_5.tr.sq3	12	1800	11146	3462.0	25	24	0.2653061224489796	1.0	0.9491267239358233	0.24	0.008	705.0	13	19	0.40625	0.9358974358974359	0.9615085532923596
2018-12-19 02:26:40	f:/temp/20181004/carmona-trs/Tkde2010PaperLogs/a12f0n00_5.tr.sq3	12	1800	11146	3462.0	25	24	0.2653061224489796	1.0	0.9491267239358233	0.24	0.009	745.0	13	19	0.40625	0.9358974358974359	0.9616380605452961
2018-12-19 02:26:40	f:/temp/20181004/carmona-trs/Tkde2010PaperLogs/a12f0n00_5.tr.sq3	12	1800	11146	3462.0	25	24	0.2653061224489796	1.0	0.9491267239358233	0.24	0.01	677.0	13	19	0.40625	0.9358974358974359	0.9617507932676551
2018-12-19 02:26:41	f:/temp/20181004/carmona-trs/Tkde2010PaperLogs/a12f0n00_5.tr.sq3	12	1800	11146	3462.0	25	24	0.2653061224489796	1.0	0.9491267239358233	0.24	0.011	718.0	13	19	0.40625	0.9358974358974359	0.9616597734946476
2018-12-19 02:26:42	f:/temp/20181004/carmona-trs/Tkde2010PaperLogs/a12f0n00_5.tr.sq3	12	1800	11146	3462.0	25	24	0.2653061224489796	1.0	0.9491267239358233	0.24	0.012	740.0	13	19	0.40625	0.9358974358974359	0.9617683414485535
2018-12-19 02:26:43	f:/temp/20181004/carmona-trs/Tkde2010PaperLogs/a12f0n00_5.tr.sq3	12	1800	11146	3462.0	25	24	0.2653061224489796	1.0	0.9491267239358233	0.24	0.013	697.0	13	19	0.40625	0.9358974358974359	0.9616380605452961
2018-12-19 02:26:43	f:/temp/20181004/carmona-trs/Tkde2010PaperLogs/a12f0n00_5.tr.sq3	12	1800	11146	3462.0	25	24	0.2653061224489796	1.0	0.9491267239358233	0.24	0.014	686.0	13	19	0.40625	0.9358974358974359	0.9615333046794272
2018-12-19 02:26:44	f:/temp/20181004/carmona-trs/Tkde2010PaperLogs/a12f0n00_5.tr.sq3	12	1800	11146	3462.0	25	24	0.2653061224489796	1.0	0.9491267239358233	0.24	0.015	753.0	13	19	0.40625	0.9358974358974359	0.9615636250348433
2018-12-19 02:26:45	f:/temp/20181004/carmona-trs/Tkde2010PaperLogs/a12f0n00_5.tr.sq3	12	1800	11146	3462.0	25	24	0.2653061224489796	1.0	0.9491267239358233	0.25	0.005	960.0	8	16	0.5416666666666666	0.8914930555555556	0.9677805658379428
2018-12-19 02:26:46	f:/temp/20181004/carmona-trs/Tkde2010PaperLogs/a12f0n00_5.tr.sq3	12	1800	11146	3462.0	25	24	0.2653061224489796	1.0	0.9491267239358233	0.25	0.006	985.0	8	16	0.5416666666666666	0.8914930555555556	0.9676813985162408
2018-12-19 02:26:47	f:/temp/20181004/carmona-trs/Tkde2010PaperLogs/a12f0n00_5.tr.sq3	12	1800	11146	3462.0	25	24	0.2653061224489796	1.0	0.9491267239358233	0.25	0.007	1168.0	8	16	0.5416666666666666	0.8914930555555556	0.9676830745615768
2018-12-19 02:26:49	f:/temp/20181004/carmona-trs/Tkde2010PaperLogs/a12f0n00_5.tr.sq3	12	1800	11146	3462.0	25	24	0.2653061224489796	1.0	0.9491267239358233	0.25	0.008	1305.0	8	16	0.5416666666666666	0.8914930555555556	0.9677633096527407
2018-12-19 02:26:50	f:/temp/20181004/carmona-trs/Tkde2010PaperLogs/a12f0n00_5.tr.sq3	12	1800	11146	3462.0	25	24	0.2653061224489796	1.0	0.9491267239358233	0.25	0.009	1292.0	8	16	0.5416666666666666	0.8914930555555556	0.9677180035988129
2018-12-19 02:26:51	f:/temp/20181004/carmona-trs/Tkde2010PaperLogs/a12f0n00_5.tr.sq3	12	1800	11146	3462.0	25	24	0.2653061224489796	1.0	0.9491267239358233	0.25	0.01	1127.0	8	16	0.5416666666666666	0.8914930555555556	0.9675802628503187
2018-12-19 02:26:52	f:/temp/20181004/carmona-trs/Tkde2010PaperLogs/a12f0n00_5.tr.sq3	12	1800	11146	3462.0	25	24	0.2653061224489796	1.0	0.9491267239358233	0.25	0.011	1292.0	8	16	0.5416666666666666	0.8914930555555556	0.9678099902446128
2018-12-19 02:26:53	f:/temp/20181004/carmona-trs/Tkde2010PaperLogs/a12f0n00_5.tr.sq3	12	1800	11146	3462.0	25	24	0.2653061224489796	1.0	0.9491267239358233	0.25	0.012	995.0	8	16	0.5416666666666666	0.8914930555555556	0.9676627237111207
2018-12-19 02:26:54	f:/temp/20181004/carmona-trs/Tkde2010PaperLogs/a12f0n00_5.tr.sq3	12	1800	11146	3462.0	25	24	0.2653061224489796	1.0	0.9491267239358233	0.25	0.013	969.0	8	16	0.5416666666666666	0.8914930555555556	0.9676820696682015
2018-12-19 02:26:55	f:/temp/20181004/carmona-trs/Tkde2010PaperLogs/a12f0n00_5.tr.sq3	12	1800	11146	3462.0	25	24	0.2653061224489796	1.0	0.9491267239358233	0.25	0.014	1024.0	8	16	0.5416666666666666	0.8914930555555556	0.9676609721855588
2018-12-19 02:26:56	f:/temp/20181004/carmona-trs/Tkde2010PaperLogs/a12f0n00_5.tr.sq3	12	1800	11146	3462.0	25	24	0.2653061224489796	1.0	0.9491267239358233	0.25	0.015	1019.0	8	16	0.5416666666666666	0.8914930555555556	0.9677793560241907
2018-12-19 02:26:57	f:/temp/20181004/carmona-trs/Tkde2010PaperLogs/a12f0n00_5.tr.sq3	12	1800	11146	3462.0	25	24	0.2653061224489796	1.0	0.9491267239358233	0.26	0.005	1002.0	8	16	0.5416666666666666	0.8914930555555556	0.9675549194296188
2018-12-19 02:26:58	f:/temp/20181004/carmona-trs/Tkde2010PaperLogs/a12f0n00_5.tr.sq3	12	1800	11146	3462.0	25	24	0.2653061224489796	1.0	0.9491267239358233	0.26	0.006	959.0	8	16	0.5416666666666666	0.8914930555555556	0.967817803242354
2018-12-19 02:26:59	f:/temp/20181004/carmona-trs/Tkde2010PaperLogs/a12f0n00_5.tr.sq3	12	1800	11146	3462.0	25	24	0.2653061224489796	1.0	0.9491267239358233	0.26	0.007	964.0	8	16	0.5416666666666666	0.8914930555555556	0.9676820696682015
2018-12-19 02:27:00	f:/temp/20181004/carmona-trs/Tkde2010PaperLogs/a12f0n00_5.tr.sq3	12	1800	11146	3462.0	25	24	0.2653061224489796	1.0	0.9491267239358233	0.26	0.008	866.0	8	16	0.5416666666666666	0.8914930555555556	0.9675325851297567
2018-12-19 02:27:01	f:/temp/20181004/carmona-trs/Tkde2010PaperLogs/a12f0n00_5.tr.sq3	12	1800	11146	3462.0	25	24	0.2653061224489796	1.0	0.9491267239358233	0.26	0.009	976.0	8	16	0.5416666666666666	0.8914930555555556	0.9676220273696328
2018-12-19 02:27:02	f:/temp/20181004/carmona-trs/Tkde2010PaperLogs/a12f0n00_5.tr.sq3	12	1800	11146	3462.0	25	24	0.2653061224489796	1.0	0.9491267239358233	0.26	0.01	963.0	8	16	0.5416666666666666	0.8914930555555556	0.9677180035988129
2018-12-19 02:27:03	f:/temp/20181004/carmona-trs/Tkde2010PaperLogs/a12f0n00_5.tr.sq3	12	1800	11146	3462.0	25	24	0.2653061224489796	1.0	0.9491267239358233	0.26	0.011	1014.0	8	16	0.5416666666666666	0.8914930555555556	0.9674789706762514
2018-12-19 02:27:04	f:/temp/20181004/carmona-trs/Tkde2010PaperLogs/a12f0n00_5.tr.sq3	12	1800	11146	3462.0	25	24	0.2653061224489796	1.0	0.9491267239358233	0.26	0.012	1145.0	8	16	0.5416666666666666	0.8914930555555556	0.9678550086583277
2018-12-19 02:27:05	f:/temp/20181004/carmona-trs/Tkde2010PaperLogs/a12f0n00_5.tr.sq3	12	1800	11146	3462.0	25	24	0.2653061224489796	1.0	0.9491267239358233	0.26	0.013	1050.0	8	16	0.5416666666666666	0.8914930555555556	0.9675364521281299
2018-12-19 02:27:06	f:/temp/20181004/carmona-trs/Tkde2010PaperLogs/a12f0n00_5.tr.sq3	12	1800	11146	3462.0	25	24	0.2653061224489796	1.0	0.9491267239358233	0.26	0.014	924.0	8	16	0.5416666666666666	0.8914930555555556	0.967598002035001
2018-12-19 02:27:07	f:/temp/20181004/carmona-trs/Tkde2010PaperLogs/a12f0n00_5.tr.sq3	12	1800	11146	3462.0	25	24	0.2653061224489796	1.0	0.9491267239358233	0.26	0.015	950.0	8	16	0.5416666666666666	0.8914930555555556	0.9677001508211531
2018-12-19 02:27:08	f:/temp/20181004/carmona-trs/Tkde2010PaperLogs/a12f0n00_5.tr.sq3	12	1800	11146	3462.0	25	24	0.2653061224489796	1.0	0.9491267239358233	0.27	0.005	974.0	8	16	0.5416666666666666	0.8914930555555556	0.9676410774133443
2018-12-19 02:27:09	f:/temp/20181004/carmona-trs/Tkde2010PaperLogs/a12f0n00_5.tr.sq3	12	1800	11146	3462.0	25	24	0.2653061224489796	1.0	0.9491267239358233	0.27	0.006	809.0	8	16	0.5416666666666666	0.8914930555555556	0.9677180035988129
2018-12-19 02:27:10	f:/temp/20181004/carmona-trs/Tkde2010PaperLogs/a12f0n00_5.tr.sq3	12	1800	11146	3462.0	25	24	0.2653061224489796	1.0	0.9491267239358233	0.27	0.007	928.0	8	16	0.5416666666666666	0.8914930555555556	0.9677765197319431
2018-12-19 02:27:11	f:/temp/20181004/carmona-trs/Tkde2010PaperLogs/a12f0n00_5.tr.sq3	12	1800	11146	3462.0	25	24	0.2653061224489796	1.0	0.9491267239358233	0.27	0.008	934.0	8	16	0.5416666666666666	0.8914930555555556	0.9674799826053617
2018-12-19 02:27:12	f:/temp/20181004/carmona-trs/Tkde2010PaperLogs/a12f0n00_5.tr.sq3	12	1800	11146	3462.0	25	24	0.2653061224489796	1.0	0.9491267239358233	0.27	0.009	914.0	8	16	0.5416666666666666	0.8914930555555556	0.9677153626467724
2018-12-19 02:27:13	f:/temp/20181004/carmona-trs/Tkde2010PaperLogs/a12f0n00_5.tr.sq3	12	1800	11146	3462.0	25	24	0.2653061224489796	1.0	0.9491267239358233	0.27	0.01	1019.0	8	16	0.5416666666666666	0.8914930555555556	0.9677939117547736
2018-12-19 02:27:14	f:/temp/20181004/carmona-trs/Tkde2010PaperLogs/a12f0n00_5.tr.sq3	12	1800	11146	3462.0	25	24	0.2653061224489796	1.0	0.9491267239358233	0.27	0.011	935.0	8	16	0.5416666666666666	0.8914930555555556	0.9676820696682015
2018-12-19 02:27:15	f:/temp/20181004/carmona-trs/Tkde2010PaperLogs/a12f0n00_5.tr.sq3	12	1800	11146	3462.0	25	24	0.2653061224489796	1.0	0.9491267239358233	0.27	0.012	922.0	8	16	0.5416666666666666	0.8914930555555556	0.967731580324196
2018-12-19 02:27:16	f:/temp/20181004/carmona-trs/Tkde2010PaperLogs/a12f0n00_5.tr.sq3	12	1800	11146	3462.0	25	24	0.2653061224489796	1.0	0.9491267239358233	0.27	0.013	931.0	8	16	0.5416666666666666	0.8914930555555556	0.9675586197368867
2018-12-19 02:27:17	f:/temp/20181004/carmona-trs/Tkde2010PaperLogs/a12f0n00_5.tr.sq3	12	1800	11146	3462.0	25	24	0.2653061224489796	1.0	0.9491267239358233	0.27	0.014	949.0	8	16	0.5416666666666666	0.8914930555555556	0.9676244980298184
2018-12-19 02:27:18	f:/temp/20181004/carmona-trs/Tkde2010PaperLogs/a12f0n00_5.tr.sq3	12	1800	11146	3462.0	25	24	0.2653061224489796	1.0	0.9491267239358233	0.27	0.015	818.0	8	16	0.5416666666666666	0.8914930555555556	0.9676201181606385
2018-12-19 02:27:19	f:/temp/20181004/carmona-trs/Tkde2010PaperLogs/a12f0n00_5.tr.sq3	12	1800	11146	3462.0	25	24	0.2653061224489796	1.0	0.9491267239358233	0.28	0.005	945.0	8	16	0.5416666666666666	0.8914930555555556	0.9677153626467724
2018-12-19 02:27:19	f:/temp/20181004/carmona-trs/Tkde2010PaperLogs/a12f0n00_5.tr.sq3	12	1800	11146	3462.0	25	24	0.2653061224489796	1.0	0.9491267239358233	0.28	0.006	956.0	8	16	0.5416666666666666	0.8914930555555556	0.96768491117262
2018-12-19 02:27:20	f:/temp/20181004/carmona-trs/Tkde2010PaperLogs/a12f0n00_5.tr.sq3	12	1800	11146	3462.0	25	24	0.2653061224489796	1.0	0.9491267239358233	0.28	0.007	926.0	8	16	0.5416666666666666	0.8914930555555556	0.9677320308192283
2018-12-19 02:27:21	f:/temp/20181004/carmona-trs/Tkde2010PaperLogs/a12f0n00_5.tr.sq3	12	1800	11146	3462.0	25	24	0.2653061224489796	1.0	0.9491267239358233	0.28	0.008	936.0	8	16	0.5416666666666666	0.8914930555555556	0.9675819210450295
2018-12-19 02:27:22	f:/temp/20181004/carmona-trs/Tkde2010PaperLogs/a12f0n00_5.tr.sq3	12	1800	11146	3462.0	25	24	0.2653061224489796	1.0	0.9491267239358233	0.28	0.009	892.0	8	16	0.5416666666666666	0.8914930555555556	0.9676212645973924
2018-12-19 02:27:23	f:/temp/20181004/carmona-trs/Tkde2010PaperLogs/a12f0n00_5.tr.sq3	12	1800	11146	3462.0	25	24	0.2653061224489796	1.0	0.9491267239358233	0.28	0.01	930.0	8	16	0.5416666666666666	0.8914930555555556	0.9678604666939998
2018-12-19 02:27:24	f:/temp/20181004/carmona-trs/Tkde2010PaperLogs/a12f0n00_5.tr.sq3	12	1800	11146	3462.0	25	24	0.2653061224489796	1.0	0.9491267239358233	0.28	0.011	946.0	8	16	0.5416666666666666	0.8914930555555556	0.9676220273696328
2018-12-19 02:27:25	f:/temp/20181004/carmona-trs/Tkde2010PaperLogs/a12f0n00_5.tr.sq3	12	1800	11146	3462.0	25	24	0.2653061224489796	1.0	0.9491267239358233	0.28	0.012	935.0	8	16	0.5416666666666666	0.8914930555555556	0.9676013944172941
2018-12-19 02:27:26	f:/temp/20181004/carmona-trs/Tkde2010PaperLogs/a12f0n00_5.tr.sq3	12	1800	11146	3462.0	25	24	0.2653061224489796	1.0	0.9491267239358233	0.28	0.013	831.0	8	16	0.5416666666666666	0.8914930555555556	0.9678223241305061
2018-12-19 02:27:27	f:/temp/20181004/carmona-trs/Tkde2010PaperLogs/a12f0n00_5.tr.sq3	12	1800	11146	3462.0	25	24	0.2653061224489796	1.0	0.9491267239358233	0.28	0.014	781.0	8	16	0.5416666666666666	0.8914930555555556	0.9675810926445898
2018-12-19 02:27:28	f:/temp/20181004/carmona-trs/Tkde2010PaperLogs/a12f0n00_5.tr.sq3	12	1800	11146	3462.0	25	24	0.2653061224489796	1.0	0.9491267239358233	0.28	0.015	917.0	8	16	0.5416666666666666	0.8914930555555556	0.9675325851297567
2018-12-19 02:27:29	f:/temp/20181004/carmona-trs/Tkde2010PaperLogs/a12f0n00_5.tr.sq3	12	1800	11146	3462.0	25	24	0.2653061224489796	1.0	0.9491267239358233	0.29	0.005	941.0	5	14	0.6842105263157895	0.8261904761904763	0.9750731930439843
2018-12-19 02:27:30	f:/temp/20181004/carmona-trs/Tkde2010PaperLogs/a12f0n00_5.tr.sq3	12	1800	11146	3462.0	25	24	0.2653061224489796	1.0	0.9491267239358233	0.29	0.006	929.0	5	14	0.6842105263157895	0.8261904761904763	0.9752180905047801
2018-12-19 02:27:30	f:/temp/20181004/carmona-trs/Tkde2010PaperLogs/a12f0n00_5.tr.sq3	12	1800	11146	3462.0	25	24	0.2653061224489796	1.0	0.9491267239358233	0.29	0.007	914.0	5	14	0.6842105263157895	0.8261904761904763	0.9751615822893667
2018-12-19 02:27:31	f:/temp/20181004/carmona-trs/Tkde2010PaperLogs/a12f0n00_5.tr.sq3	12	1800	11146	3462.0	25	24	0.2653061224489796	1.0	0.9491267239358233	0.29	0.008	1005.0	5	14	0.6842105263157895	0.8261904761904763	0.9750606628277967
2018-12-19 02:27:32	f:/temp/20181004/carmona-trs/Tkde2010PaperLogs/a12f0n00_5.tr.sq3	12	1800	11146	3462.0	25	24	0.2653061224489796	1.0	0.9491267239358233	0.29	0.009	974.0	5	14	0.6842105263157895	0.8261904761904763	0.9751687725445806
2018-12-19 02:27:33	f:/temp/20181004/carmona-trs/Tkde2010PaperLogs/a12f0n00_5.tr.sq3	12	1800	11146	3462.0	25	24	0.2653061224489796	1.0	0.9491267239358233	0.29	0.01	1011.0	5	14	0.6842105263157895	0.8261904761904763	0.9747541616769146
2018-12-19 02:27:35	f:/temp/20181004/carmona-trs/Tkde2010PaperLogs/a12f0n00_5.tr.sq3	12	1800	11146	3462.0	25	24	0.2653061224489796	1.0	0.9491267239358233	0.29	0.011	1013.0	5	14	0.6842105263157895	0.8261904761904763	0.97492955548195
2018-12-19 02:27:35	f:/temp/20181004/carmona-trs/Tkde2010PaperLogs/a12f0n00_5.tr.sq3	12	1800	11146	3462.0	25	24	0.2653061224489796	1.0	0.9491267239358233	0.29	0.012	913.0	5	14	0.6842105263157895	0.8261904761904763	0.9751431585858991
2018-12-19 02:27:37	f:/temp/20181004/carmona-trs/Tkde2010PaperLogs/a12f0n00_5.tr.sq3	12	1800	11146	3462.0	25	24	0.2653061224489796	1.0	0.9491267239358233	0.29	0.013	1057.0	5	14	0.6842105263157895	0.8261904761904763	0.9750077142307617
2018-12-19 02:27:38	f:/temp/20181004/carmona-trs/Tkde2010PaperLogs/a12f0n00_5.tr.sq3	12	1800	11146	3462.0	25	24	0.2653061224489796	1.0	0.9491267239358233	0.29	0.014	1031.0	5	14	0.6842105263157895	0.8261904761904763	0.9750906174573607
2018-12-19 02:27:38	f:/temp/20181004/carmona-trs/Tkde2010PaperLogs/a12f0n00_5.tr.sq3	12	1800	11146	3462.0	25	24	0.2653061224489796	1.0	0.9491267239358233	0.29	0.015	935.0	5	14	0.6842105263157895	0.8261904761904763	0.9749307610293928
2018-12-19 02:27:39	f:/temp/20181004/carmona-trs/Tkde2010PaperLogs/a12f0n00_5.tr.sq3	12	1800	11146	3462.0	25	24	0.2653061224489796	1.0	0.9491267239358233	0.3	0.005	980.0	5	14	0.6842105263157895	0.8261904761904763	0.974993996482947
2018-12-19 02:27:40	f:/temp/20181004/carmona-trs/Tkde2010PaperLogs/a12f0n00_5.tr.sq3	12	1800	11146	3462.0	25	24	0.2653061224489796	1.0	0.9491267239358233	0.3	0.006	997.0	5	14	0.6842105263157895	0.8261904761904763	0.9748660867292933
2018-12-19 02:27:42	f:/temp/20181004/carmona-trs/Tkde2010PaperLogs/a12f0n00_5.tr.sq3	12	1800	11146	3462.0	25	24	0.2653061224489796	1.0	0.9491267239358233	0.3	0.007	1016.0	5	14	0.6842105263157895	0.8261904761904763	0.9750123208918215
2018-12-19 02:27:43	f:/temp/20181004/carmona-trs/Tkde2010PaperLogs/a12f0n00_5.tr.sq3	12	1800	11146	3462.0	25	24	0.2653061224489796	1.0	0.9491267239358233	0.3	0.008	1046.0	5	14	0.6842105263157895	0.8261904761904763	0.9749640514124635
2018-12-19 02:27:44	f:/temp/20181004/carmona-trs/Tkde2010PaperLogs/a12f0n00_5.tr.sq3	12	1800	11146	3462.0	25	24	0.2653061224489796	1.0	0.9491267239358233	0.3	0.009	1325.0	5	14	0.6842105263157895	0.8261904761904763	0.9749951032917792
2018-12-19 02:27:45	f:/temp/20181004/carmona-trs/Tkde2010PaperLogs/a12f0n00_5.tr.sq3	12	1800	11146	3462.0	25	24	0.2653061224489796	1.0	0.9491267239358233	0.3	0.01	1124.0	5	14	0.6842105263157895	0.8261904761904763	0.9748660867292933
2018-12-19 02:27:46	f:/temp/20181004/carmona-trs/Tkde2010PaperLogs/a12f0n00_5.tr.sq3	12	1800	11146	3462.0	25	24	0.2653061224489796	1.0	0.9491267239358233	0.3	0.011	1320.0	5	14	0.6842105263157895	0.8261904761904763	0.9749358634803896
2018-12-19 02:27:47	f:/temp/20181004/carmona-trs/Tkde2010PaperLogs/a12f0n00_5.tr.sq3	12	1800	11146	3462.0	25	24	0.2653061224489796	1.0	0.9491267239358233	0.3	0.012	1045.0	5	14	0.6842105263157895	0.8261904761904763	0.9748167868369914
2018-12-19 02:27:49	f:/temp/20181004/carmona-trs/Tkde2010PaperLogs/a12f0n00_5.tr.sq3	12	1800	11146	3462.0	25	24	0.2653061224489796	1.0	0.9491267239358233	0.3	0.013	1125.0	5	14	0.6842105263157895	0.8261904761904763	0.9751818678809292
2018-12-19 02:27:50	f:/temp/20181004/carmona-trs/Tkde2010PaperLogs/a12f0n00_5.tr.sq3	12	1800	11146	3462.0	25	24	0.2653061224489796	1.0	0.9491267239358233	0.3	0.014	1005.0	5	14	0.6842105263157895	0.8261904761904763	0.974790947816795
2018-12-19 02:27:51	f:/temp/20181004/carmona-trs/Tkde2010PaperLogs/a12f0n00_5.tr.sq3	12	1800	11146	3462.0	25	24	0.2653061224489796	1.0	0.9491267239358233	0.3	0.015	1021.0	5	14	0.6842105263157895	0.8261904761904763	0.97492955548195
