Timestamp	Log file	Activities #	Traces #	Events #	TS1 build time (ms)	TS1 states #	TS1 trans #	TS1 simpl	TS1 prec	TS1 gener	threshold	VWSC	TS2 + TS3 build time (ms)	TS3 states #	TS3 trans #	TS3 simpl	TS3 prec	TS3 gener	PN synth time (ms)	PN pos #	PN trans #	PN acrs #
2018-10-07 22:53:07	f:/temp/20181004/carmona-trs/Tkde2010PaperLogs/a22f0n00_1.tr.sq3	22	100	1833	1093.0	1309	1308	0.008788689338937715	1.0	0.026370341437066624	0.05	0.05	565.0	27	93	0.19166666666666668	0.9648010477827638	0.7025157006112899
2018-10-07 22:53:08	f:/temp/20181004/carmona-trs/Tkde2010PaperLogs/a22f0n00_1.tr.sq3	22	100	1833	1093.0	1309	1308	0.008788689338937715	1.0	0.026370341437066624	0.05	0.1	547.0	30	130	0.14375	0.8766174013465036	0.7098888810790027
2018-10-07 22:53:09	f:/temp/20181004/carmona-trs/Tkde2010PaperLogs/a22f0n00_1.tr.sq3	22	100	1833	1093.0	1309	1308	0.008788689338937715	1.0	0.026370341437066624	0.05	0.2	584.0	45	177	0.1036036036036036	0.7203533363318736	0.7156273861521162
2018-10-07 22:53:10	f:/temp/20181004/carmona-trs/Tkde2010PaperLogs/a22f0n00_1.tr.sq3	22	100	1833	1093.0	1309	1308	0.008788689338937715	1.0	0.026370341437066624	0.05	0.3	597.0	44	198	0.09504132231404959	0.6947221618322341	0.7162436718269378
2018-10-07 22:53:11	f:/temp/20181004/carmona-trs/Tkde2010PaperLogs/a22f0n00_1.tr.sq3	22	100	1833	1093.0	1309	1308	0.008788689338937715	1.0	0.026370341437066624	0.05	0.4	615.0	50	224	0.08394160583941605	0.6217457271252728	0.7217747594980373
2018-10-07 22:53:12	f:/temp/20181004/carmona-trs/Tkde2010PaperLogs/a22f0n00_1.tr.sq3	22	100	1833	1093.0	1309	1308	0.008788689338937715	1.0	0.026370341437066624	0.05	0.5	615.0	53	229	0.08156028368794327	0.6249619698048383	0.7213250778842545
2018-10-07 22:53:13	f:/temp/20181004/carmona-trs/Tkde2010PaperLogs/a22f0n00_1.tr.sq3	22	100	1833	1093.0	1309	1308	0.008788689338937715	1.0	0.026370341437066624	0.05	0.6	656.0	57	251	0.07467532467532467	0.5898030016572492	0.7414341015501893
2018-10-07 22:53:14	f:/temp/20181004/carmona-trs/Tkde2010PaperLogs/a22f0n00_1.tr.sq3	22	100	1833	1093.0	1309	1308	0.008788689338937715	1.0	0.026370341437066624	0.05	0.7	597.0	63	259	0.07142857142857142	0.5751914549657738	0.7333370270506812
2018-10-07 22:53:15	f:/temp/20181004/carmona-trs/Tkde2010PaperLogs/a22f0n00_1.tr.sq3	22	100	1833	1093.0	1309	1308	0.008788689338937715	1.0	0.026370341437066624	0.05	0.8	671.0	66	268	0.0688622754491018	0.5644084459797276	0.7263875799590485
2018-10-07 22:53:16	f:/temp/20181004/carmona-trs/Tkde2010PaperLogs/a22f0n00_1.tr.sq3	22	100	1833	1093.0	1309	1308	0.008788689338937715	1.0	0.026370341437066624	0.05	0.9	695.0	83	302	0.05974025974025974	0.5610536975727307	0.7069035239305583
2018-10-07 22:53:17	f:/temp/20181004/carmona-trs/Tkde2010PaperLogs/a22f0n00_1.tr.sq3	22	100	1833	1093.0	1309	1308	0.008788689338937715	1.0	0.026370341437066624	0.05	0.95	623.0	86	304	0.05897435897435897	0.5623818301527662	0.7010912396004636
2018-10-07 22:53:18	f:/temp/20181004/carmona-trs/Tkde2010PaperLogs/a22f0n00_1.tr.sq3	22	100	1833	1093.0	1309	1308	0.008788689338937715	1.0	0.026370341437066624	0.05	1	713.0	83	298	0.06036745406824147	0.5689516945510404	0.6997444543700634
2018-10-07 22:53:19	f:/temp/20181004/carmona-trs/Tkde2010PaperLogs/a22f0n00_1.tr.sq3	22	100	1833	1093.0	1309	1308	0.008788689338937715	1.0	0.026370341437066624	0.1	0.05	577.0	16	67	0.27710843373493976	0.7578575709048425	0.8291816809595962
2018-10-07 22:53:21	f:/temp/20181004/carmona-trs/Tkde2010PaperLogs/a22f0n00_1.tr.sq3	22	100	1833	1093.0	1309	1308	0.008788689338937715	1.0	0.026370341437066624	0.1	0.1	625.0	17	102	0.19327731092436976	0.686769677328902	0.811496389763803
2018-10-07 22:53:22	f:/temp/20181004/carmona-trs/Tkde2010PaperLogs/a22f0n00_1.tr.sq3	22	100	1833	1093.0	1309	1308	0.008788689338937715	1.0	0.026370341437066624	0.1	0.2	610.0	30	144	0.13218390804597702	0.5762168639864363	0.8082132097322665
2018-10-07 22:53:23	f:/temp/20181004/carmona-trs/Tkde2010PaperLogs/a22f0n00_1.tr.sq3	22	100	1833	1093.0	1309	1308	0.008788689338937715	1.0	0.026370341437066624	0.1	0.3	580.0	29	157	0.12365591397849462	0.5463470284199162	0.8032062997093523
2018-10-07 22:53:24	f:/temp/20181004/carmona-trs/Tkde2010PaperLogs/a22f0n00_1.tr.sq3	22	100	1833	1093.0	1309	1308	0.008788689338937715	1.0	0.026370341437066624	0.1	0.4	633.0	41	192	0.09871244635193133	0.524667340055215	0.780804214981873
2018-10-07 22:53:25	f:/temp/20181004/carmona-trs/Tkde2010PaperLogs/a22f0n00_1.tr.sq3	22	100	1833	1093.0	1309	1308	0.008788689338937715	1.0	0.026370341437066624	0.1	0.5	616.0	45	213	0.08914728682170543	0.4973108011911021	0.779999869947483
2018-10-07 22:53:26	f:/temp/20181004/carmona-trs/Tkde2010PaperLogs/a22f0n00_1.tr.sq3	22	100	1833	1093.0	1309	1308	0.008788689338937715	1.0	0.026370341437066624	0.1	0.6	692.0	54	244	0.07718120805369127	0.4896863698598909	0.7695363155317723
2018-10-07 22:53:27	f:/temp/20181004/carmona-trs/Tkde2010PaperLogs/a22f0n00_1.tr.sq3	22	100	1833	1093.0	1309	1308	0.008788689338937715	1.0	0.026370341437066624	0.1	0.7	618.0	59	266	0.07076923076923076	0.48148562591993727	0.7650331077316226
2018-10-07 22:53:28	f:/temp/20181004/carmona-trs/Tkde2010PaperLogs/a22f0n00_1.tr.sq3	22	100	1833	1093.0	1309	1308	0.008788689338937715	1.0	0.026370341437066624	0.1	0.8	687.0	69	281	0.06571428571428571	0.4869537614803114	0.7349596553335029
2018-10-07 22:53:29	f:/temp/20181004/carmona-trs/Tkde2010PaperLogs/a22f0n00_1.tr.sq3	22	100	1833	1093.0	1309	1308	0.008788689338937715	1.0	0.026370341437066624	0.1	0.9	704.0	77	300	0.0610079575596817	0.4908140966194309	0.7484869793758215
2018-10-07 22:53:30	f:/temp/20181004/carmona-trs/Tkde2010PaperLogs/a22f0n00_1.tr.sq3	22	100	1833	1093.0	1309	1308	0.008788689338937715	1.0	0.026370341437066624	0.1	0.95	694.0	83	316	0.05764411027568922	0.47349883689891353	0.7182441227980926
2018-10-07 22:53:31	f:/temp/20181004/carmona-trs/Tkde2010PaperLogs/a22f0n00_1.tr.sq3	22	100	1833	1093.0	1309	1308	0.008788689338937715	1.0	0.026370341437066624	0.1	1	668.0	82	308	0.05897435897435897	0.4862574015145536	0.7147407532701843
2018-10-07 22:53:32	f:/temp/20181004/carmona-trs/Tkde2010PaperLogs/a22f0n00_1.tr.sq3	22	100	1833	1093.0	1309	1308	0.008788689338937715	1.0	0.026370341437066624	0.2	0.05	598.0	9	50	0.3898305084745763	0.7011600338227035	0.871992931973439
2018-10-07 22:53:33	f:/temp/20181004/carmona-trs/Tkde2010PaperLogs/a22f0n00_1.tr.sq3	22	100	1833	1093.0	1309	1308	0.008788689338937715	1.0	0.026370341437066624	0.2	0.1	646.0	21	101	0.1885245901639344	0.4948083372316529	0.8442671298144733
2018-10-07 22:53:34	f:/temp/20181004/carmona-trs/Tkde2010PaperLogs/a22f0n00_1.tr.sq3	22	100	1833	1093.0	1309	1308	0.008788689338937715	1.0	0.026370341437066624	0.2	0.2	611.0	26	132	0.14556962025316456	0.4938115051727567	0.8239983233892383
2018-10-07 22:53:35	f:/temp/20181004/carmona-trs/Tkde2010PaperLogs/a22f0n00_1.tr.sq3	22	100	1833	1093.0	1309	1308	0.008788689338937715	1.0	0.026370341437066624	0.2	0.3	616.0	37	173	0.10952380952380952	0.47101008203536293	0.810776413288423
2018-10-07 22:53:36	f:/temp/20181004/carmona-trs/Tkde2010PaperLogs/a22f0n00_1.tr.sq3	22	100	1833	1093.0	1309	1308	0.008788689338937715	1.0	0.026370341437066624	0.2	0.4	665.0	41	185	0.10176991150442478	0.4878740880514182	0.7959078858534184
2018-10-07 22:53:37	f:/temp/20181004/carmona-trs/Tkde2010PaperLogs/a22f0n00_1.tr.sq3	22	100	1833	1093.0	1309	1308	0.008788689338937715	1.0	0.026370341437066624	0.2	0.5	631.0	43	185	0.10087719298245613	0.5167272947931495	0.7842130787978079
2018-10-07 22:53:38	f:/temp/20181004/carmona-trs/Tkde2010PaperLogs/a22f0n00_1.tr.sq3	22	100	1833	1093.0	1309	1308	0.008788689338937715	1.0	0.026370341437066624	0.2	0.6	698.0	50	229	0.08243727598566308	0.4725453725242494	0.772264638854796
2018-10-07 22:53:40	f:/temp/20181004/carmona-trs/Tkde2010PaperLogs/a22f0n00_1.tr.sq3	22	100	1833	1093.0	1309	1308	0.008788689338937715	1.0	0.026370341437066624	0.2	0.7	692.0	66	272	0.06804733727810651	0.47025648758181166	0.7621564024230174
2018-10-07 22:53:41	f:/temp/20181004/carmona-trs/Tkde2010PaperLogs/a22f0n00_1.tr.sq3	22	100	1833	1093.0	1309	1308	0.008788689338937715	1.0	0.026370341437066624	0.2	0.8	720.0	76	291	0.06267029972752043	0.49964961332275665	0.7482627008503705
2018-10-07 22:53:42	f:/temp/20181004/carmona-trs/Tkde2010PaperLogs/a22f0n00_1.tr.sq3	22	100	1833	1093.0	1309	1308	0.008788689338937715	1.0	0.026370341437066624	0.2	0.9	720.0	79	296	0.06133333333333333	0.5010993084950947	0.7344369691026612
2018-10-07 22:53:43	f:/temp/20181004/carmona-trs/Tkde2010PaperLogs/a22f0n00_1.tr.sq3	22	100	1833	1093.0	1309	1308	0.008788689338937715	1.0	0.026370341437066624	0.2	0.95	605.0	80	301	0.06036745406824147	0.48782253398783215	0.7326588114648527
2018-10-07 22:53:44	f:/temp/20181004/carmona-trs/Tkde2010PaperLogs/a22f0n00_1.tr.sq3	22	100	1833	1093.0	1309	1308	0.008788689338937715	1.0	0.026370341437066624	0.2	1	681.0	82	308	0.05897435897435897	0.4840137139826954	0.739578796180149
2018-10-07 22:53:45	f:/temp/20181004/carmona-trs/Tkde2010PaperLogs/a22f0n00_1.tr.sq3	22	100	1833	1093.0	1309	1308	0.008788689338937715	1.0	0.026370341437066624	0.3	0.05	609.0	10	53	0.36507936507936506	0.572787939528322	0.8712774317568863
2018-10-07 22:53:46	f:/temp/20181004/carmona-trs/Tkde2010PaperLogs/a22f0n00_1.tr.sq3	22	100	1833	1093.0	1309	1308	0.008788689338937715	1.0	0.026370341437066624	0.3	0.1	628.0	18	100	0.19491525423728814	0.5739292703978015	0.8404491380563125
2018-10-07 22:53:47	f:/temp/20181004/carmona-trs/Tkde2010PaperLogs/a22f0n00_1.tr.sq3	22	100	1833	1093.0	1309	1308	0.008788689338937715	1.0	0.026370341437066624	0.3	0.2	625.0	26	134	0.14375	0.49292099779017373	0.8106082125954472
2018-10-07 22:53:48	f:/temp/20181004/carmona-trs/Tkde2010PaperLogs/a22f0n00_1.tr.sq3	22	100	1833	1093.0	1309	1308	0.008788689338937715	1.0	0.026370341437066624	0.3	0.3	661.0	29	153	0.12637362637362637	0.5081216843386053	0.8149930068781928
2018-10-07 22:53:49	f:/temp/20181004/carmona-trs/Tkde2010PaperLogs/a22f0n00_1.tr.sq3	22	100	1833	1093.0	1309	1308	0.008788689338937715	1.0	0.026370341437066624	0.3	0.4	643.0	39	189	0.10087719298245613	0.4913965854980202	0.7907315555951933
2018-10-07 22:53:50	f:/temp/20181004/carmona-trs/Tkde2010PaperLogs/a22f0n00_1.tr.sq3	22	100	1833	1093.0	1309	1308	0.008788689338937715	1.0	0.026370341437066624	0.3	0.5	666.0	46	210	0.08984375	0.46531161754417877	0.7821509539157765
2018-10-07 22:53:51	f:/temp/20181004/carmona-trs/Tkde2010PaperLogs/a22f0n00_1.tr.sq3	22	100	1833	1093.0	1309	1308	0.008788689338937715	1.0	0.026370341437066624	0.3	0.6	595.0	56	252	0.07467532467532467	0.459703147098636	0.7698038447723895
2018-10-07 22:53:52	f:/temp/20181004/carmona-trs/Tkde2010PaperLogs/a22f0n00_1.tr.sq3	22	100	1833	1093.0	1309	1308	0.008788689338937715	1.0	0.026370341437066624	0.3	0.7	702.0	71	285	0.06460674157303371	0.4627759717931114	0.7432247218730202
2018-10-07 22:53:53	f:/temp/20181004/carmona-trs/Tkde2010PaperLogs/a22f0n00_1.tr.sq3	22	100	1833	1093.0	1309	1308	0.008788689338937715	1.0	0.026370341437066624	0.3	0.8	687.0	71	286	0.06442577030812324	0.47170788612661213	0.7501475507848356
2018-10-07 22:53:54	f:/temp/20181004/carmona-trs/Tkde2010PaperLogs/a22f0n00_1.tr.sq3	22	100	1833	1093.0	1309	1308	0.008788689338937715	1.0	0.026370341437066624	0.3	0.9	711.0	78	309	0.059431524547803614	0.4584781762135003	0.7428139524535988
2018-10-07 22:53:55	f:/temp/20181004/carmona-trs/Tkde2010PaperLogs/a22f0n00_1.tr.sq3	22	100	1833	1093.0	1309	1308	0.008788689338937715	1.0	0.026370341437066624	0.3	0.95	718.0	75	305	0.060526315789473685	0.4684103333739257	0.7386817981887617
2018-10-07 22:53:56	f:/temp/20181004/carmona-trs/Tkde2010PaperLogs/a22f0n00_1.tr.sq3	22	100	1833	1093.0	1309	1308	0.008788689338937715	1.0	0.026370341437066624	0.3	1	717.0	79	313	0.058673469387755105	0.4530161048206029	0.7403589801538681
2018-10-07 22:53:57	f:/temp/20181004/carmona-trs/Tkde2010PaperLogs/a22f0n00_1.tr.sq3	22	100	1833	1093.0	1309	1308	0.008788689338937715	1.0	0.026370341437066624	0.35	0.05	613.0	11	59	0.32857142857142857	0.5397447035645794	0.8690078576360369
2018-10-07 22:53:58	f:/temp/20181004/carmona-trs/Tkde2010PaperLogs/a22f0n00_1.tr.sq3	22	100	1833	1093.0	1309	1308	0.008788689338937715	1.0	0.026370341437066624	0.35	0.1	586.0	21	106	0.18110236220472442	0.5460457238961511	0.8350471763912166
2018-10-07 22:53:59	f:/temp/20181004/carmona-trs/Tkde2010PaperLogs/a22f0n00_1.tr.sq3	22	100	1833	1093.0	1309	1308	0.008788689338937715	1.0	0.026370341437066624	0.35	0.2	654.0	27	138	0.1393939393939394	0.5041532407524041	0.8112252028595652
2018-10-07 22:54:00	f:/temp/20181004/carmona-trs/Tkde2010PaperLogs/a22f0n00_1.tr.sq3	22	100	1833	1093.0	1309	1308	0.008788689338937715	1.0	0.026370341437066624	0.35	0.3	636.0	30	158	0.12234042553191489	0.5084993424800314	0.8071789998726395
2018-10-07 22:54:02	f:/temp/20181004/carmona-trs/Tkde2010PaperLogs/a22f0n00_1.tr.sq3	22	100	1833	1093.0	1309	1308	0.008788689338937715	1.0	0.026370341437066624	0.35	0.4	668.0	39	191	0.1	0.48213408523146695	0.7963719129994503
2018-10-07 22:54:03	f:/temp/20181004/carmona-trs/Tkde2010PaperLogs/a22f0n00_1.tr.sq3	22	100	1833	1093.0	1309	1308	0.008788689338937715	1.0	0.026370341437066624	0.35	0.5	663.0	49	220	0.08550185873605948	0.4595219083657774	0.7711703618343025
2018-10-07 22:54:04	f:/temp/20181004/carmona-trs/Tkde2010PaperLogs/a22f0n00_1.tr.sq3	22	100	1833	1093.0	1309	1308	0.008788689338937715	1.0	0.026370341437066624	0.35	0.6	675.0	57	246	0.07590759075907591	0.4669581008444451	0.7663512278849756
2018-10-07 22:54:05	f:/temp/20181004/carmona-trs/Tkde2010PaperLogs/a22f0n00_1.tr.sq3	22	100	1833	1093.0	1309	1308	0.008788689338937715	1.0	0.026370341437066624	0.35	0.7	721.0	65	273	0.06804733727810651	0.4858412920501875	0.748097525561483
2018-10-07 22:54:06	f:/temp/20181004/carmona-trs/Tkde2010PaperLogs/a22f0n00_1.tr.sq3	22	100	1833	1093.0	1309	1308	0.008788689338937715	1.0	0.026370341437066624	0.35	0.8	729.0	68	284	0.06534090909090909	0.4726525223902872	0.7448367965229241
2018-10-07 22:54:07	f:/temp/20181004/carmona-trs/Tkde2010PaperLogs/a22f0n00_1.tr.sq3	22	100	1833	1093.0	1309	1308	0.008788689338937715	1.0	0.026370341437066624	0.35	0.9	656.0	76	300	0.061170212765957445	0.44907554635874836	0.7290261099522918
2018-10-07 22:54:08	f:/temp/20181004/carmona-trs/Tkde2010PaperLogs/a22f0n00_1.tr.sq3	22	100	1833	1093.0	1309	1308	0.008788689338937715	1.0	0.026370341437066624	0.35	0.95	731.0	82	313	0.05822784810126582	0.4537675188149099	0.7327249144075398
2018-10-07 22:54:09	f:/temp/20181004/carmona-trs/Tkde2010PaperLogs/a22f0n00_1.tr.sq3	22	100	1833	1093.0	1309	1308	0.008788689338937715	1.0	0.026370341437066624	0.35	1	700.0	77	303	0.060526315789473685	0.4631674911297451	0.7381288131853152
2018-10-07 22:54:10	f:/temp/20181004/carmona-trs/Tkde2010PaperLogs/a22f0n00_1.tr.sq3	22	100	1833	1093.0	1309	1308	0.008788689338937715	1.0	0.026370341437066624	0.4	0.05	622.0	9	50	0.3898305084745763	0.6097466035881078	0.8855712376510059
2018-10-07 22:54:11	f:/temp/20181004/carmona-trs/Tkde2010PaperLogs/a22f0n00_1.tr.sq3	22	100	1833	1093.0	1309	1308	0.008788689338937715	1.0	0.026370341437066624	0.4	0.1	664.0	18	102	0.19166666666666668	0.5518081497092414	0.8476865070248041
2018-10-07 22:54:12	f:/temp/20181004/carmona-trs/Tkde2010PaperLogs/a22f0n00_1.tr.sq3	22	100	1833	1093.0	1309	1308	0.008788689338937715	1.0	0.026370341437066624	0.4	0.2	646.0	27	139	0.13855421686746988	0.46074973162551974	0.8195488799542607
2018-10-07 22:54:13	f:/temp/20181004/carmona-trs/Tkde2010PaperLogs/a22f0n00_1.tr.sq3	22	100	1833	1093.0	1309	1308	0.008788689338937715	1.0	0.026370341437066624	0.4	0.3	625.0	31	158	0.12169312169312169	0.5153805122676972	0.8051536335806637
2018-10-07 22:54:14	f:/temp/20181004/carmona-trs/Tkde2010PaperLogs/a22f0n00_1.tr.sq3	22	100	1833	1093.0	1309	1308	0.008788689338937715	1.0	0.026370341437066624	0.4	0.4	532.0	39	188	0.1013215859030837	0.492098945717838	0.7920356505050314
2018-10-07 22:54:15	f:/temp/20181004/carmona-trs/Tkde2010PaperLogs/a22f0n00_1.tr.sq3	22	100	1833	1093.0	1309	1308	0.008788689338937715	1.0	0.026370341437066624	0.4	0.5	614.0	50	223	0.08424908424908426	0.4553980334713305	0.7839705159257545
2018-10-07 22:54:16	f:/temp/20181004/carmona-trs/Tkde2010PaperLogs/a22f0n00_1.tr.sq3	22	100	1833	1093.0	1309	1308	0.008788689338937715	1.0	0.026370341437066624	0.4	0.6	695.0	57	248	0.07540983606557378	0.4629100525906644	0.7794846445993721
2018-10-07 22:54:17	f:/temp/20181004/carmona-trs/Tkde2010PaperLogs/a22f0n00_1.tr.sq3	22	100	1833	1093.0	1309	1308	0.008788689338937715	1.0	0.026370341437066624	0.4	0.7	683.0	66	271	0.06824925816023739	0.4726296103473055	0.7609127379395033
2018-10-07 22:54:18	f:/temp/20181004/carmona-trs/Tkde2010PaperLogs/a22f0n00_1.tr.sq3	22	100	1833	1093.0	1309	1308	0.008788689338937715	1.0	0.026370341437066624	0.4	0.8	676.0	71	288	0.06406685236768803	0.47176650513423396	0.7534232454198
2018-10-07 22:54:19	f:/temp/20181004/carmona-trs/Tkde2010PaperLogs/a22f0n00_1.tr.sq3	22	100	1833	1093.0	1309	1308	0.008788689338937715	1.0	0.026370341437066624	0.4	0.9	698.0	82	315	0.05793450881612091	0.4639909918493022	0.7410608683499311
2018-10-07 22:54:20	f:/temp/20181004/carmona-trs/Tkde2010PaperLogs/a22f0n00_1.tr.sq3	22	100	1833	1093.0	1309	1308	0.008788689338937715	1.0	0.026370341437066624	0.4	0.95	695.0	75	301	0.061170212765957445	0.46412043890297466	0.7381296050691797
2018-10-07 22:54:21	f:/temp/20181004/carmona-trs/Tkde2010PaperLogs/a22f0n00_1.tr.sq3	22	100	1833	1093.0	1309	1308	0.008788689338937715	1.0	0.026370341437066624	0.4	1	688.0	80	313	0.058524173027989825	0.45674958500092855	0.7332765701491357
2018-10-07 22:54:22	f:/temp/20181004/carmona-trs/Tkde2010PaperLogs/a22f0n00_1.tr.sq3	22	100	1833	1093.0	1309	1308	0.008788689338937715	1.0	0.026370341437066624	0.5	0.05	573.0	12	52	0.359375	0.5754446941946944	0.8840783078391241
2018-10-07 22:54:23	f:/temp/20181004/carmona-trs/Tkde2010PaperLogs/a22f0n00_1.tr.sq3	22	100	1833	1093.0	1309	1308	0.008788689338937715	1.0	0.026370341437066624	0.5	0.1	627.0	12	83	0.24210526315789474	0.6165899881190263	0.8583041560754365
2018-10-07 22:54:25	f:/temp/20181004/carmona-trs/Tkde2010PaperLogs/a22f0n00_1.tr.sq3	22	100	1833	1093.0	1309	1308	0.008788689338937715	1.0	0.026370341437066624	0.5	0.2	623.0	23	115	0.16666666666666666	0.5373224017202974	0.8120276856441248
2018-10-07 22:54:26	f:/temp/20181004/carmona-trs/Tkde2010PaperLogs/a22f0n00_1.tr.sq3	22	100	1833	1093.0	1309	1308	0.008788689338937715	1.0	0.026370341437066624	0.5	0.3	620.0	30	159	0.12169312169312169	0.5107986999086284	0.7999609541184481
2018-10-07 22:54:27	f:/temp/20181004/carmona-trs/Tkde2010PaperLogs/a22f0n00_1.tr.sq3	22	100	1833	1093.0	1309	1308	0.008788689338937715	1.0	0.026370341437066624	0.5	0.4	666.0	38	184	0.1036036036036036	0.46476703793478147	0.7823635521590206
2018-10-07 22:54:28	f:/temp/20181004/carmona-trs/Tkde2010PaperLogs/a22f0n00_1.tr.sq3	22	100	1833	1093.0	1309	1308	0.008788689338937715	1.0	0.026370341437066624	0.5	0.5	672.0	45	201	0.09349593495934959	0.4703482411124296	0.7668005389510527
2018-10-07 22:54:29	f:/temp/20181004/carmona-trs/Tkde2010PaperLogs/a22f0n00_1.tr.sq3	22	100	1833	1093.0	1309	1308	0.008788689338937715	1.0	0.026370341437066624	0.5	0.6	689.0	56	254	0.07419354838709677	0.4617212698002424	0.7622211231650438
2018-10-07 22:54:30	f:/temp/20181004/carmona-trs/Tkde2010PaperLogs/a22f0n00_1.tr.sq3	22	100	1833	1093.0	1309	1308	0.008788689338937715	1.0	0.026370341437066624	0.5	0.7	662.0	65	274	0.06784660766961652	0.48223162553357835	0.760159417593739
2018-10-07 22:54:31	f:/temp/20181004/carmona-trs/Tkde2010PaperLogs/a22f0n00_1.tr.sq3	22	100	1833	1093.0	1309	1308	0.008788689338937715	1.0	0.026370341437066624	0.5	0.8	684.0	64	281	0.06666666666666667	0.46155695735054564	0.7460416674522743
2018-10-07 22:54:32	f:/temp/20181004/carmona-trs/Tkde2010PaperLogs/a22f0n00_1.tr.sq3	22	100	1833	1093.0	1309	1308	0.008788689338937715	1.0	0.026370341437066624	0.5	0.9	876.0	72	299	0.06199460916442048	0.4830468860196678	0.7258998411757985
2018-10-07 22:54:34	f:/temp/20181004/carmona-trs/Tkde2010PaperLogs/a22f0n00_1.tr.sq3	22	100	1833	1093.0	1309	1308	0.008788689338937715	1.0	0.026370341437066624	0.5	0.95	908.0	77	305	0.060209424083769635	0.49241055261716804	0.7374010201732889
2018-10-07 22:54:35	f:/temp/20181004/carmona-trs/Tkde2010PaperLogs/a22f0n00_1.tr.sq3	22	100	1833	1093.0	1309	1308	0.008788689338937715	1.0	0.026370341437066624	0.5	1	737.0	78	309	0.059431524547803614	0.4913469402486931	0.7393167385732324
2018-10-07 22:54:36	f:/temp/20181004/carmona-trs/Tkde2010PaperLogs/a22f0n00_1.tr.sq3	22	100	1833	1093.0	1309	1308	0.008788689338937715	1.0	0.026370341437066624	0.6	0.05	699.0	10	59	0.3333333333333333	0.5113029690239907	0.892710677789453
2018-10-07 22:54:37	f:/temp/20181004/carmona-trs/Tkde2010PaperLogs/a22f0n00_1.tr.sq3	22	100	1833	1093.0	1309	1308	0.008788689338937715	1.0	0.026370341437066624	0.6	0.1	632.0	21	111	0.17424242424242425	0.44525769562782713	0.8460004818432172
2018-10-07 22:54:38	f:/temp/20181004/carmona-trs/Tkde2010PaperLogs/a22f0n00_1.tr.sq3	22	100	1833	1093.0	1309	1308	0.008788689338937715	1.0	0.026370341437066624	0.6	0.2	629.0	27	140	0.1377245508982036	0.464373053321748	0.8304259016672773
2018-10-07 22:54:39	f:/temp/20181004/carmona-trs/Tkde2010PaperLogs/a22f0n00_1.tr.sq3	22	100	1833	1093.0	1309	1308	0.008788689338937715	1.0	0.026370341437066624	0.6	0.3	600.0	30	158	0.12234042553191489	0.4816708003393352	0.8218756398906524
2018-10-07 22:54:40	f:/temp/20181004/carmona-trs/Tkde2010PaperLogs/a22f0n00_1.tr.sq3	22	100	1833	1093.0	1309	1308	0.008788689338937715	1.0	0.026370341437066624	0.6	0.4	632.0	39	186	0.10222222222222223	0.4814422341983604	0.7954568298548295
2018-10-07 22:54:41	f:/temp/20181004/carmona-trs/Tkde2010PaperLogs/a22f0n00_1.tr.sq3	22	100	1833	1093.0	1309	1308	0.008788689338937715	1.0	0.026370341437066624	0.6	0.5	657.0	50	214	0.08712121212121213	0.46584505614838995	0.7795051247726896
2018-10-07 22:54:42	f:/temp/20181004/carmona-trs/Tkde2010PaperLogs/a22f0n00_1.tr.sq3	22	100	1833	1093.0	1309	1308	0.008788689338937715	1.0	0.026370341437066624	0.6	0.6	683.0	57	242	0.07692307692307693	0.4637476946037198	0.7683336534521111
2018-10-07 22:54:43	f:/temp/20181004/carmona-trs/Tkde2010PaperLogs/a22f0n00_1.tr.sq3	22	100	1833	1093.0	1309	1308	0.008788689338937715	1.0	0.026370341437066624	0.6	0.7	739.0	76	289	0.06301369863013699	0.46390638439886595	0.7422103753019829
2018-10-07 22:54:44	f:/temp/20181004/carmona-trs/Tkde2010PaperLogs/a22f0n00_1.tr.sq3	22	100	1833	1093.0	1309	1308	0.008788689338937715	1.0	0.026370341437066624	0.6	0.8	734.0	65	268	0.06906906906906907	0.47645531286512516	0.7458388975951323
2018-10-07 22:54:45	f:/temp/20181004/carmona-trs/Tkde2010PaperLogs/a22f0n00_1.tr.sq3	22	100	1833	1093.0	1309	1308	0.008788689338937715	1.0	0.026370341437066624	0.6	0.9	733.0	75	300	0.06133333333333333	0.44671801515888415	0.7348134450447856
2018-10-07 22:54:46	f:/temp/20181004/carmona-trs/Tkde2010PaperLogs/a22f0n00_1.tr.sq3	22	100	1833	1093.0	1309	1308	0.008788689338937715	1.0	0.026370341437066624	0.6	0.95	602.0	78	309	0.059431524547803614	0.4459388327042983	0.7335397291146895
2018-10-07 22:54:47	f:/temp/20181004/carmona-trs/Tkde2010PaperLogs/a22f0n00_1.tr.sq3	22	100	1833	1093.0	1309	1308	0.008788689338937715	1.0	0.026370341437066624	0.6	1	680.0	80	304	0.059895833333333336	0.45817520429360226	0.7334684267695438
2018-10-07 22:54:48	f:/temp/20181004/carmona-trs/Tkde2010PaperLogs/a22f0n00_1.tr.sq3	22	100	1833	1093.0	1309	1308	0.008788689338937715	1.0	0.026370341437066624	0.7	0.05	596.0	8	45	0.4339622641509434	0.607576426955818	0.8872875441497685
2018-10-07 22:54:49	f:/temp/20181004/carmona-trs/Tkde2010PaperLogs/a22f0n00_1.tr.sq3	22	100	1833	1093.0	1309	1308	0.008788689338937715	1.0	0.026370341437066624	0.7	0.1	645.0	22	105	0.18110236220472442	0.5539533292803474	0.8309957241861758
2018-10-07 22:54:51	f:/temp/20181004/carmona-trs/Tkde2010PaperLogs/a22f0n00_1.tr.sq3	22	100	1833	1093.0	1309	1308	0.008788689338937715	1.0	0.026370341437066624	0.7	0.2	645.0	27	146	0.1329479768786127	0.45884142472407885	0.8260209546696735
2018-10-07 22:54:52	f:/temp/20181004/carmona-trs/Tkde2010PaperLogs/a22f0n00_1.tr.sq3	22	100	1833	1093.0	1309	1308	0.008788689338937715	1.0	0.026370341437066624	0.7	0.3	643.0	28	154	0.12637362637362637	0.4778576086733941	0.8227010772816916
2018-10-07 22:54:53	f:/temp/20181004/carmona-trs/Tkde2010PaperLogs/a22f0n00_1.tr.sq3	22	100	1833	1093.0	1309	1308	0.008788689338937715	1.0	0.026370341437066624	0.7	0.4	650.0	41	193	0.09829059829059829	0.4783436540267411	0.7933733516494555
2018-10-07 22:54:54	f:/temp/20181004/carmona-trs/Tkde2010PaperLogs/a22f0n00_1.tr.sq3	22	100	1833	1093.0	1309	1308	0.008788689338937715	1.0	0.026370341437066624	0.7	0.5	648.0	46	210	0.08984375	0.45552535517531206	0.7846881450363272
2018-10-07 22:54:55	f:/temp/20181004/carmona-trs/Tkde2010PaperLogs/a22f0n00_1.tr.sq3	22	100	1833	1093.0	1309	1308	0.008788689338937715	1.0	0.026370341437066624	0.7	0.6	635.0	64	260	0.07098765432098765	0.47762891370131577	0.7701429473247514
2018-10-07 22:54:56	f:/temp/20181004/carmona-trs/Tkde2010PaperLogs/a22f0n00_1.tr.sq3	22	100	1833	1093.0	1309	1308	0.008788689338937715	1.0	0.026370341437066624	0.7	0.7	695.0	67	276	0.06705539358600583	0.4698923910047873	0.7607815240579343
2018-10-07 22:54:57	f:/temp/20181004/carmona-trs/Tkde2010PaperLogs/a22f0n00_1.tr.sq3	22	100	1833	1093.0	1309	1308	0.008788689338937715	1.0	0.026370341437066624	0.7	0.8	688.0	78	297	0.06133333333333333	0.47217756464436705	0.7494551615842885
2018-10-07 22:54:58	f:/temp/20181004/carmona-trs/Tkde2010PaperLogs/a22f0n00_1.tr.sq3	22	100	1833	1093.0	1309	1308	0.008788689338937715	1.0	0.026370341437066624	0.7	0.9	710.0	74	303	0.0610079575596817	0.4464064004037814	0.7386079836564979
2018-10-07 22:54:59	f:/temp/20181004/carmona-trs/Tkde2010PaperLogs/a22f0n00_1.tr.sq3	22	100	1833	1093.0	1309	1308	0.008788689338937715	1.0	0.026370341437066624	0.7	0.95	668.0	75	306	0.06036745406824147	0.43424300555529477	0.7388882747912384
2018-10-07 22:55:00	f:/temp/20181004/carmona-trs/Tkde2010PaperLogs/a22f0n00_1.tr.sq3	22	100	1833	1093.0	1309	1308	0.008788689338937715	1.0	0.026370341437066624	0.7	1	668.0	83	316	0.05764411027568922	0.457685397780997	0.7255936710613642
2018-10-07 22:55:01	f:/temp/20181004/carmona-trs/Tkde2010PaperLogs/a22f0n00_1.tr.sq3	22	100	1833	1093.0	1309	1308	0.008788689338937715	1.0	0.026370341437066624	0.8	0.05	610.0	8	45	0.4339622641509434	0.607576426955818	0.8779586780900028
2018-10-07 22:55:02	f:/temp/20181004/carmona-trs/Tkde2010PaperLogs/a22f0n00_1.tr.sq3	22	100	1833	1093.0	1309	1308	0.008788689338937715	1.0	0.026370341437066624	0.8	0.1	532.0	16	99	0.2	0.5104139801923147	0.8411894882466072
2018-10-07 22:55:03	f:/temp/20181004/carmona-trs/Tkde2010PaperLogs/a22f0n00_1.tr.sq3	22	100	1833	1093.0	1309	1308	0.008788689338937715	1.0	0.026370341437066624	0.8	0.2	652.0	31	154	0.12432432432432433	0.4896307068915866	0.804425318799875
2018-10-07 22:55:04	f:/temp/20181004/carmona-trs/Tkde2010PaperLogs/a22f0n00_1.tr.sq3	22	100	1833	1093.0	1309	1308	0.008788689338937715	1.0	0.026370341437066624	0.8	0.3	642.0	28	156	0.125	0.4667328020463322	0.837824516018263
2018-10-07 22:55:05	f:/temp/20181004/carmona-trs/Tkde2010PaperLogs/a22f0n00_1.tr.sq3	22	100	1833	1093.0	1309	1308	0.008788689338937715	1.0	0.026370341437066624	0.8	0.4	665.0	39	190	0.10043668122270742	0.465603321213806	0.7984887480398557
2018-10-07 22:55:06	f:/temp/20181004/carmona-trs/Tkde2010PaperLogs/a22f0n00_1.tr.sq3	22	100	1833	1093.0	1309	1308	0.008788689338937715	1.0	0.026370341437066624	0.8	0.5	685.0	47	213	0.08846153846153847	0.4616246909580449	0.786708701004608
2018-10-07 22:55:07	f:/temp/20181004/carmona-trs/Tkde2010PaperLogs/a22f0n00_1.tr.sq3	22	100	1833	1093.0	1309	1308	0.008788689338937715	1.0	0.026370341437066624	0.8	0.6	731.0	58	245	0.07590759075907591	0.4760906339042869	0.7796527202631967
2018-10-07 22:55:08	f:/temp/20181004/carmona-trs/Tkde2010PaperLogs/a22f0n00_1.tr.sq3	22	100	1833	1093.0	1309	1308	0.008788689338937715	1.0	0.026370341437066624	0.8	0.7	700.0	66	275	0.06744868035190615	0.46724024209496373	0.7659175464180297
2018-10-07 22:55:09	f:/temp/20181004/carmona-trs/Tkde2010PaperLogs/a22f0n00_1.tr.sq3	22	100	1833	1093.0	1309	1308	0.008788689338937715	1.0	0.026370341437066624	0.8	0.8	683.0	68	274	0.06725146198830409	0.4750630372681421	0.75569366921262
2018-10-07 22:55:10	f:/temp/20181004/carmona-trs/Tkde2010PaperLogs/a22f0n00_1.tr.sq3	22	100	1833	1093.0	1309	1308	0.008788689338937715	1.0	0.026370341437066624	0.8	0.9	703.0	71	301	0.06182795698924731	0.4388770786480092	0.7547675685999626
2018-10-07 22:55:12	f:/temp/20181004/carmona-trs/Tkde2010PaperLogs/a22f0n00_1.tr.sq3	22	100	1833	1093.0	1309	1308	0.008788689338937715	1.0	0.026370341437066624	0.8	0.95	734.0	81	314	0.05822784810126582	0.44385136436548256	0.7273834086439454
2018-10-07 22:55:13	f:/temp/20181004/carmona-trs/Tkde2010PaperLogs/a22f0n00_1.tr.sq3	22	100	1833	1093.0	1309	1308	0.008788689338937715	1.0	0.026370341437066624	0.8	1	694.0	79	314	0.058524173027989825	0.4453574632315196	0.7356332917826602
2018-10-07 22:55:14	f:/temp/20181004/carmona-trs/Tkde2010PaperLogs/a22f0n00_1.tr.sq3	22	100	1833	1093.0	1309	1308	0.008788689338937715	1.0	0.026370341437066624	0.9	0.05	626.0	10	58	0.3382352941176471	0.5157627957305944	0.8896940044944489
2018-10-07 22:55:15	f:/temp/20181004/carmona-trs/Tkde2010PaperLogs/a22f0n00_1.tr.sq3	22	100	1833	1093.0	1309	1308	0.008788689338937715	1.0	0.026370341437066624	0.9	0.1	614.0	18	100	0.19491525423728814	0.530393653187771	0.8534377441358604
2018-10-07 22:55:16	f:/temp/20181004/carmona-trs/Tkde2010PaperLogs/a22f0n00_1.tr.sq3	22	100	1833	1093.0	1309	1308	0.008788689338937715	1.0	0.026370341437066624	0.9	0.2	653.0	27	142	0.13609467455621302	0.46975968487447634	0.8132222860322993
2018-10-07 22:55:17	f:/temp/20181004/carmona-trs/Tkde2010PaperLogs/a22f0n00_1.tr.sq3	22	100	1833	1093.0	1309	1308	0.008788689338937715	1.0	0.026370341437066624	0.9	0.3	686.0	31	159	0.12105263157894737	0.4842032182804347	0.825104165421344
2018-10-07 22:55:18	f:/temp/20181004/carmona-trs/Tkde2010PaperLogs/a22f0n00_1.tr.sq3	22	100	1833	1093.0	1309	1308	0.008788689338937715	1.0	0.026370341437066624	0.9	0.4	534.0	44	199	0.09465020576131687	0.48073603648504376	0.7847328094978542
2018-10-07 22:55:19	f:/temp/20181004/carmona-trs/Tkde2010PaperLogs/a22f0n00_1.tr.sq3	22	100	1833	1093.0	1309	1308	0.008788689338937715	1.0	0.026370341437066624	0.9	0.5	648.0	51	220	0.08487084870848709	0.46349967461977165	0.7824160330915504
2018-10-07 22:55:20	f:/temp/20181004/carmona-trs/Tkde2010PaperLogs/a22f0n00_1.tr.sq3	22	100	1833	1093.0	1309	1308	0.008788689338937715	1.0	0.026370341437066624	0.9	0.6	687.0	60	250	0.07419354838709677	0.4664079035828798	0.7743991253193101
2018-10-07 22:55:21	f:/temp/20181004/carmona-trs/Tkde2010PaperLogs/a22f0n00_1.tr.sq3	22	100	1833	1093.0	1309	1308	0.008788689338937715	1.0	0.026370341437066624	0.9	0.7	679.0	69	284	0.06515580736543909	0.463780268251861	0.7603133327135249
2018-10-07 22:55:22	f:/temp/20181004/carmona-trs/Tkde2010PaperLogs/a22f0n00_1.tr.sq3	22	100	1833	1093.0	1309	1308	0.008788689338937715	1.0	0.026370341437066624	0.9	0.8	710.0	68	280	0.06609195402298851	0.4674843328298853	0.7510716965050201
2018-10-07 22:55:23	f:/temp/20181004/carmona-trs/Tkde2010PaperLogs/a22f0n00_1.tr.sq3	22	100	1833	1093.0	1309	1308	0.008788689338937715	1.0	0.026370341437066624	0.9	0.9	678.0	76	308	0.059895833333333336	0.45126529715535785	0.7395489464025898
2018-10-07 22:55:24	f:/temp/20181004/carmona-trs/Tkde2010PaperLogs/a22f0n00_1.tr.sq3	22	100	1833	1093.0	1309	1308	0.008788689338937715	1.0	0.026370341437066624	0.9	0.95	668.0	75	303	0.06084656084656084	0.4527571314345243	0.7387517324429725
2018-10-07 22:55:25	f:/temp/20181004/carmona-trs/Tkde2010PaperLogs/a22f0n00_1.tr.sq3	22	100	1833	1093.0	1309	1308	0.008788689338937715	1.0	0.026370341437066624	0.9	1	725.0	81	317	0.05778894472361809	0.4517738945411574	0.7402813131432477
2018-10-07 22:55:26	f:/temp/20181004/carmona-trs/Tkde2010PaperLogs/a22f0n00_1.tr.sq3	22	100	1833	1093.0	1309	1308	0.008788689338937715	1.0	0.026370341437066624	0.95	0.05	543.0	15	64	0.2911392405063291	0.6179127374333686	0.8811950893650353
2018-10-07 22:55:27	f:/temp/20181004/carmona-trs/Tkde2010PaperLogs/a22f0n00_1.tr.sq3	22	100	1833	1093.0	1309	1308	0.008788689338937715	1.0	0.026370341437066624	0.95	0.1	664.0	20	102	0.1885245901639344	0.5541398758246585	0.842950817669466
2018-10-07 22:55:28	f:/temp/20181004/carmona-trs/Tkde2010PaperLogs/a22f0n00_1.tr.sq3	22	100	1833	1093.0	1309	1308	0.008788689338937715	1.0	0.026370341437066624	0.95	0.2	648.0	25	133	0.14556962025316456	0.46737857844252145	0.8135638780478445
2018-10-07 22:55:29	f:/temp/20181004/carmona-trs/Tkde2010PaperLogs/a22f0n00_1.tr.sq3	22	100	1833	1093.0	1309	1308	0.008788689338937715	1.0	0.026370341437066624	0.95	0.3	688.0	30	158	0.12234042553191489	0.4730390496016643	0.8205105031784558
2018-10-07 22:55:30	f:/temp/20181004/carmona-trs/Tkde2010PaperLogs/a22f0n00_1.tr.sq3	22	100	1833	1093.0	1309	1308	0.008788689338937715	1.0	0.026370341437066624	0.95	0.4	673.0	39	188	0.1013215859030837	0.48040155220226255	0.7916022438257488
2018-10-07 22:55:32	f:/temp/20181004/carmona-trs/Tkde2010PaperLogs/a22f0n00_1.tr.sq3	22	100	1833	1093.0	1309	1308	0.008788689338937715	1.0	0.026370341437066624	0.95	0.5	650.0	47	214	0.08812260536398467	0.45781498226641343	0.789260332898051
2018-10-07 22:55:33	f:/temp/20181004/carmona-trs/Tkde2010PaperLogs/a22f0n00_1.tr.sq3	22	100	1833	1093.0	1309	1308	0.008788689338937715	1.0	0.026370341437066624	0.95	0.6	675.0	59	259	0.07232704402515723	0.4491376882611855	0.7797882917895604
2018-10-07 22:55:34	f:/temp/20181004/carmona-trs/Tkde2010PaperLogs/a22f0n00_1.tr.sq3	22	100	1833	1093.0	1309	1308	0.008788689338937715	1.0	0.026370341437066624	0.95	0.7	615.0	74	295	0.06233062330623306	0.46538094764120996	0.7413931844435212
2018-10-07 22:55:35	f:/temp/20181004/carmona-trs/Tkde2010PaperLogs/a22f0n00_1.tr.sq3	22	100	1833	1093.0	1309	1308	0.008788689338937715	1.0	0.026370341437066624	0.95	0.8	723.0	71	290	0.06371191135734072	0.4666480457456864	0.7469015812291968
2018-10-07 22:55:36	f:/temp/20181004/carmona-trs/Tkde2010PaperLogs/a22f0n00_1.tr.sq3	22	100	1833	1093.0	1309	1308	0.008788689338937715	1.0	0.026370341437066624	0.95	0.9	694.0	74	305	0.06068601583113457	0.45515959621134305	0.7477772990440817
2018-10-07 22:55:37	f:/temp/20181004/carmona-trs/Tkde2010PaperLogs/a22f0n00_1.tr.sq3	22	100	1833	1093.0	1309	1308	0.008788689338937715	1.0	0.026370341437066624	0.95	0.95	703.0	78	310	0.059278350515463915	0.4458375679289142	0.7249745697363648
2018-10-07 22:55:38	f:/temp/20181004/carmona-trs/Tkde2010PaperLogs/a22f0n00_1.tr.sq3	22	100	1833	1093.0	1309	1308	0.008788689338937715	1.0	0.026370341437066624	0.95	1	724.0	78	310	0.059278350515463915	0.44762237555875617	0.7341482734164076
