Timestamp	Log file	Activities #	Traces #	Events #TS1 states #	TS1 trans #	TS1 simpl	TS1 prec	TS1 gener	threshold	VWSC	TS3 states #	TS3 trans #	TS3 simpl	TS3 prec	TS3 gener	PN synth time (ms)	PN pos #	PN trans #	PN acrs #
2018-09-15 19:31:19	f:/se/projects/cpp/xi/ldopa/dev/root/0.1/tests/gtest/work_files/logs/log05.sq3	7	8	41	16	15	0.25806451612903225	1.0	0.26987621779128346	0.33	1	14	21	0.32	0.9444444444444445	0.4860350770839207	170.0	11	18	40
2018-09-15 19:31:19	f:/se/projects/cpp/xi/ldopa/dev/root/0.1/tests/gtest/work_files/logs/log05.sq3	7	8	41	16	15	0.25806451612903225	1.0	0.26987621779128346	0.33	0.75	11	18	0.36363636363636365	0.8888888888888888	0.5852944640266133	115.0	10	15	33
2018-09-15 19:31:19	f:/se/projects/cpp/xi/ldopa/dev/root/0.1/tests/gtest/work_files/logs/log05.sq3	7	8	41	16	15	0.25806451612903225	1.0	0.26987621779128346	0.33	0.5	12	19	0.34782608695652173	0.9111111111111111	0.5562183075512631	213.0	11	18	40
2018-09-15 19:31:20	f:/se/projects/cpp/xi/ldopa/dev/root/0.1/tests/gtest/work_files/logs/log05.sq3	7	8	41	16	15	0.25806451612903225	1.0	0.26987621779128346	0.33	0.25	10	16	0.4	0.9196428571428571	0.5985694890899979	110.0	10	16	35
2018-09-15 19:31:21	f:/se/projects/cpp/xi/ldopa/dev/root/0.1/tests/gtest/work_files/logs/log05.sq3	7	8	41	16	15	0.25806451612903225	1.0	0.26987621779128346	0.66	1	14	23	0.32	0.875	0.5287914721655385	523.0	11	18	53
2018-09-15 19:31:21	f:/se/projects/cpp/xi/ldopa/dev/root/0.1/tests/gtest/work_files/logs/log05.sq3	7	8	41	16	15	0.25806451612903225	1.0	0.26987621779128346	0.66	0.75	12	21	0.34782608695652173	0.8277777777777778	0.5941939587509553	272.0	11	20	46
2018-09-15 19:31:22	f:/se/projects/cpp/xi/ldopa/dev/root/0.1/tests/gtest/work_files/logs/log05.sq3	7	8	41	16	15	0.25806451612903225	1.0	0.26987621779128346	0.66	0.5	11	20	0.36363636363636365	0.8333333333333335	0.5938005348699675	231.0	11	18	53
2018-09-15 19:31:22	f:/se/projects/cpp/xi/ldopa/dev/root/0.1/tests/gtest/work_files/logs/log05.sq3	7	8	41	16	15	0.25806451612903225	1.0	0.26987621779128346	0.66	0.25	10	17	0.42105263157894735	0.8125	0.6291092887394825	88.0	9	16	36
2018-09-15 19:31:22	f:/se/projects/cpp/xi/ldopa/dev/root/0.1/tests/gtest/work_files/logs/log05.sq3	7	8	41	16	15	0.25806451612903225	1.0	0.26987621779128346	0.75	1	15	24	0.3076923076923077	0.8846153846153846	0.5170418636215262	374.0	11	18	53
2018-09-15 19:31:23	f:/se/projects/cpp/xi/ldopa/dev/root/0.1/tests/gtest/work_files/logs/log05.sq3	7	8	41	16	15	0.25806451612903225	1.0	0.26987621779128346	0.75	0.75	11	20	0.36363636363636365	0.7962962962962963	0.6036953444364549	140.0	10	17	39
2018-09-15 19:31:23	f:/se/projects/cpp/xi/ldopa/dev/root/0.1/tests/gtest/work_files/logs/log05.sq3	7	8	41	16	15	0.25806451612903225	1.0	0.26987621779128346	0.75	0.5	12	23	0.32	0.8166666666666668	0.554313049750357	273.0	11	18	53
2018-09-15 19:31:23	f:/se/projects/cpp/xi/ldopa/dev/root/0.1/tests/gtest/work_files/logs/log05.sq3	7	8	41	16	15	0.25806451612903225	1.0	0.26987621779128346	0.75	0.25	9	16	0.4444444444444444	0.7797619047619048	0.6337414080304262	98.0	9	16	36
